1 2 3 6 7 10 11 12 13 14 16 17 19 20 23 24 25 27 #UTIL: 353
1 3 6 10 11 12 13 19 20 26 28 #UTIL: 250
2 3 6 8 10 11 12 13 16 20 24 25 26 27 #UTIL: 227
1 2 3 6 7 9 10 11 12 13 14 16 17 19 20 23 24 25 27 #UTIL: 368
1 3 6 10 11 12 13 19 20 22 26 28 #UTIL: 258
2 3 6 8 10 11 12 13 16 20 25 26 27 #UTIL: 221
1 2 3 5 6 7 9 10 11 12 13 14 16 17 19 20 23 24 25 27 #UTIL: 377
2 3 6 8 10 11 12 13 16 20 24 25 26 #UTIL: 203
2 3 6 8 10 11 12 16 20 24 25 26 27 #UTIL: 209
1 2 6 7 9 10 11 12 13 14 16 17 19 20 23 24 25 27 #UTIL: 364
1 3 6 9 10 11 12 13 19 20 26 28 #UTIL: 265
1 2 3 6 7 10 11 12 13 14 16 17 19 20 24 25 27 #UTIL: 341
1 2 3 5 6 7 9 10 11 12 13 14 16 17 18 19 20 23 24 25 27 #UTIL: 386
2 3 6 8 10 11 12 13 20 24 25 26 27 #UTIL: 217
1 3 6 10 11 12 13 19 20 22 25 26 28 #UTIL: 264
1 3 6 10 12 13 19 20 22 26 28 #UTIL: 234
1 2 3 6 7 9 10 12 13 14 16 17 19 20 23 24 25 27 #UTIL: 344
1 2 3 5 6 7 9 10 11 12 13 14 16 17 19 20 23 24 25 26 27 #UTIL: 395
1 2 3 6 7 10 11 12 13 14 16 17 20 23 24 25 27 #UTIL: 304
1 3 6 9 10 11 12 13 19 20 22 26 28 #UTIL: 273
1 2 3 6 7 10 12 13 14 16 17 20 23 24 25 27 #UTIL: 280
1 2 3 6 10 11 12 13 14 16 17 19 20 24 25 27 #UTIL: 285
2 3 6 8 10 11 12 13 20 24 25 26 27 29 #UTIL: 218
2 3 6 7 8 10 11 12 13 16 20 24 25 26 27 #UTIL: 283
1 2 6 7 9 10 12 13 14 16 17 19 20 23 24 25 27 #UTIL: 340
1 2 6 7 9 10 11 12 13 14 16 17 18 19 20 23 24 25 27 #UTIL: 373
1 3 10 11 12 13 19 20 26 28 #UTIL: 238
1 2 3 5 6 7 9 10 11 12 13 14 16 17 18 19 23 24 25 27 #UTIL: 366
1 2 3 6 7 10 11 12 13 14 16 17 19 20 23 24 25 #UTIL: 329
1 2 3 6 7 10 11 12 13 14 16 17 20 22 23 24 25 27 #UTIL: 312
1 2 6 7 10 12 13 14 16 17 20 23 24 25 27 #UTIL: 276
1 2 3 6 7 9 10 12 13 14 16 17 19 20 21 23 24 25 27 #UTIL: 345
1 2 3 5 6 7 9 10 11 12 13 14 17 18 19 23 24 25 27 #UTIL: 356
1 2 3 6 7 10 11 12 13 14 16 17 19 20 23 24 #UTIL: 323
1 2 3 6 7 10 12 13 14 16 17 20 23 24 25 26 27 #UTIL: 298
2 3 6 8 10 11 12 13 16 20 24 25 26 27 28 #UTIL: 241
1 2 3 5 6 7 9 10 11 13 14 16 17 18 19 23 24 25 27 #UTIL: 354
1 2 3 5 6 7 9 10 12 13 14 16 17 19 20 23 24 25 26 27 #UTIL: 371
1 3 6 7 9 10 11 12 13 19 20 26 28 #UTIL: 321
1 2 3 5 6 9 10 11 12 13 14 16 17 19 20 23 24 25 26 27 #UTIL: 339
1 3 10 11 12 13 18 19 20 26 28 #UTIL: 247
1 3 6 7 10 11 12 13 19 20 26 28 #UTIL: 306
1 2 3 5 6 7 9 12 13 14 16 17 19 20 23 24 25 26 27 #UTIL: 307
1 2 3 5 6 7 9 10 12 13 14 16 17 19 20 23 24 25 27 #UTIL: 353
1 10 11 12 13 19 20 26 28 #UTIL: 234
1 3 6 9 10 11 12 13 19 22 26 28 #UTIL: 253
1 3 6 7 9 10 11 12 13 20 26 28 #UTIL: 272
1 6 10 12 13 19 20 22 26 28 #UTIL: 230
1 3 6 7 9 10 11 12 13 17 19 20 26 28 #UTIL: 329
1 2 3 6 7 8 9 10 12 13 14 16 17 19 20 23 24 25 27 #UTIL: 350
1 2 3 6 8 10 11 12 16 20 24 25 26 27 #UTIL: 224
1 2 3 6 7 10 11 12 13 16 17 19 20 23 24 #UTIL: 313
1 2 3 5 6 9 10 11 12 13 14 17 18 19 23 24 25 27 #UTIL: 300
3 6 8 10 11 12 13 20 24 25 26 27 29 #UTIL: 215
1 2 3 6 7 10 12 13 14 16 17 19 20 23 24 25 27 #UTIL: 329
3 6 8 9 10 11 12 13 20 24 25 26 27 29 #UTIL: 230
1 2 3 6 7 10 12 13 14 16 17 20 24 25 27 #UTIL: 268
1 2 3 6 7 10 12 13 14 16 17 19 20 23 24 25 #UTIL: 305
1 3 6 10 11 12 13 17 19 20 26 28 #UTIL: 258
1 2 3 6 7 9 10 11 12 14 16 17 19 20 23 24 25 27 #UTIL: 350
1 2 3 6 7 10 11 12 13 14 16 17 19 20 23 24 29 #UTIL: 324
1 2 3 6 7 10 11 12 13 14 16 17 19 20 23 29 #UTIL: 318
1 2 5 6 7 9 10 12 13 14 16 17 19 20 23 24 25 26 27 #UTIL: 367
1 2 3 6 7 9 10 11 12 13 16 17 19 20 23 24 #UTIL: 328
1 2 3 6 7 10 11 12 13 14 17 20 22 23 24 25 27 #UTIL: 302
1 3 6 10 11 12 13 19 20 23 26 28 #UTIL: 262
1 3 6 9 10 11 12 13 19 20 22 28 #UTIL: 255
1 2 6 7 10 11 12 13 14 16 17 20 23 24 25 27 #UTIL: 300
1 2 3 5 6 7 9 12 13 14 16 17 19 20 23 24 26 27 #UTIL: 301
1 2 3 5 6 7 9 10 12 13 14 16 17 19 20 23 24 26 27 #UTIL: 365
2 3 6 8 10 11 12 13 16 20 24 25 26 27 28 29 #UTIL: 242
1 3 6 10 11 12 13 19 20 21 22 26 28 #UTIL: 259
1 2 3 6 10 11 12 13 19 20 22 26 28 #UTIL: 261
1 2 3 6 7 9 12 13 14 16 17 19 20 23 24 25 26 27 #UTIL: 298
1 2 6 7 10 11 12 13 14 16 17 20 23 24 25 #UTIL: 276
2 3 6 8 9 10 11 12 13 16 20 25 26 27 #UTIL: 236
2 3 6 7 9 10 12 13 14 16 17 19 20 23 24 25 27 #UTIL: 329
1 2 3 5 6 7 9 11 12 13 14 16 17 18 19 20 23 24 25 27 #UTIL: 322
1 2 3 6 7 10 11 12 13 14 16 17 19 20 24 25 27 30 #UTIL: 368
1 2 3 6 7 10 12 13 14 17 20 24 25 27 #UTIL: 258
1 3 6 9 11 12 13 19 20 22 26 28 #UTIL: 209
1 3 6 7 10 11 12 13 19 20 21 22 26 28 #UTIL: 315
1 2 3 5 6 9 10 11 12 13 14 16 17 19 20 23 24 25 26 27 28 #UTIL: 353
1 2 3 6 7 10 11 12 13 14 16 17 20 23 24 25 26 27 #UTIL: 322
1 3 6 7 9 10 11 13 17 19 20 26 28 #UTIL: 317
1 3 6 7 9 10 11 12 13 19 20 26 28 30 #UTIL: 348
1 2 3 6 7 10 11 12 13 14 16 17 20 24 25 27 #UTIL: 292
1 2 3 6 7 9 10 11 12 13 14 16 17 19 20 23 24 25 26 27 #UTIL: 386
1 2 3 6 7 9 10 12 13 14 16 17 19 20 23 24 25 #UTIL: 320
1 2 3 5 6 9 10 12 13 14 16 17 19 20 23 24 25 26 27 #UTIL: 315
1 2 3 6 7 10 12 13 14 16 17 20 24 25 27 29 #UTIL: 269
1 3 6 10 11 13 19 20 26 28 #UTIL: 238
1 3 6 10 11 12 13 19 20 26 28 29 #UTIL: 251
2 6 7 10 11 12 13 14 16 17 20 23 24 25 #UTIL: 261
1 2 3 6 7 9 10 12 14 16 17 19 20 23 24 25 27 #UTIL: 326
1 3 6 10 11 13 19 20 24 26 28 #UTIL: 244
1 2 3 6 7 9 10 11 12 13 14 16 17 20 23 24 25 27 #UTIL: 319
1 3 4 6 10 11 12 13 19 20 26 28 29 #UTIL: 260
1 3 6 7 9 10 11 12 13 17 19 20 21 26 28 #UTIL: 330
10 11 12 13 19 20 26 28 #UTIL: 219
1 2 3 5 6 7 9 10 12 13 14 16 17 18 19 20 23 24 25 27 #UTIL: 362
1 3 6 11 12 13 17 19 20 26 28 #UTIL: 194
1 3 6 7 10 11 12 13 19 20 21 26 28 #UTIL: 307
2 3 6 8 10 11 12 13 20 24 26 27 29 #UTIL: 212
1 2 3 6 7 10 11 12 13 16 17 19 20 24 25 27 #UTIL: 331
1 2 3 6 7 8 10 11 12 13 14 16 17 19 20 24 25 27 30 #UTIL: 374
2 6 10 11 12 13 14 16 17 20 23 24 25 #UTIL: 205
1 2 3 6 10 11 12 13 14 16 17 19 20 23 24 25 27 #UTIL: 297
1 3 6 7 10 11 12 13 14 16 17 20 24 25 27 #UTIL: 289
1 2 3 6 7 10 11 12 13 14 16 17 19 20 21 23 29 #UTIL: 319
1 2 3 6 7 10 11 12 13 14 16 17 19 20 23 24 25 27 28 #UTIL: 367
1 2 3 5 6 7 9 10 12 13 14 16 17 19 20 23 25 27 #UTIL: 347
1 2 6 7 9 10 11 12 13 14 16 17 19 20 23 24 27 #UTIL: 358
1 3 6 7 10 11 12 13 14 16 17 20 22 23 24 25 27 #UTIL: 309
1 2 6 7 9 10 11 12 13 14 16 17 19 20 23 24 26 27 #UTIL: 376
2 3 6 8 10 12 13 16 20 24 25 26 27 28 29 #UTIL: 218
1 2 3 6 7 10 12 13 14 16 17 20 23 24 25 27 29 #UTIL: 281
1 2 3 4 5 6 9 10 11 12 13 14 17 18 19 23 24 25 27 #UTIL: 309
1 2 3 5 6 7 9 10 11 12 13 14 17 18 19 23 24 25 26 27 #UTIL: 374
1 2 3 5 6 9 10 12 13 14 16 17 19 20 23 25 26 27 #UTIL: 309
1 3 6 8 10 11 12 13 19 20 22 26 28 #UTIL: 264
1 2 3 6 7 9 10 11 12 13 14 16 17 18 20 23 24 25 27 #UTIL: 328
1 2 3 7 10 12 13 14 16 17 20 23 24 25 26 27 #UTIL: 286
1 2 3 4 5 6 9 10 11 12 13 14 17 18 19 23 24 25 27 28 #UTIL: 323
1 2 3 5 6 7 9 10 11 12 14 16 17 19 20 23 24 25 26 27 #UTIL: 377
1 2 3 6 7 9 11 12 13 14 16 17 19 20 23 24 25 26 27 #UTIL: 322
1 2 3 6 7 10 11 12 13 14 16 17 20 23 24 25 26 27 30 #UTIL: 349
1 2 3 4 5 6 9 10 11 12 13 14 15 17 18 19 23 24 25 27 28 #UTIL: 330
1 2 3 5 6 7 9 10 11 12 13 14 16 17 18 19 20 23 24 25 27 29 #UTIL: 387
1 2 3 5 7 9 12 13 14 16 17 19 20 23 24 25 26 27 #UTIL: 295
1 2 3 6 7 10 12 13 14 16 17 18 20 24 25 27 #UTIL: 277
1 2 3 5 6 7 10 11 12 13 16 17 19 20 23 24 #UTIL: 322
1 2 6 7 9 10 13 14 16 17 19 20 23 24 25 27 #UTIL: 328
1 2 3 6 7 8 10 11 12 13 14 16 17 20 23 24 25 26 27 30 #UTIL: 355
1 2 3 5 6 7 10 12 13 14 16 17 20 23 24 25 27 #UTIL: 289
2 3 6 8 10 12 13 16 20 24 25 26 27 28 29 30 #UTIL: 245
1 2 3 5 6 7 9 10 12 14 16 17 19 20 23 24 25 27 #UTIL: 335
1 2 3 5 6 7 8 9 10 12 13 14 16 17 18 19 20 23 24 25 27 #UTIL: 368
1 2 3 6 7 10 12 14 16 17 18 20 24 25 27 #UTIL: 259
1 2 3 5 7 9 10 11 12 13 14 16 17 19 20 23 24 25 27 #UTIL: 365
1 3 6 10 11 12 13 16 19 20 22 26 28 #UTIL: 268
1 2 3 6 10 11 12 13 16 19 20 22 26 28 #UTIL: 271
1 2 3 4 5 9 10 11 12 13 14 17 18 19 23 24 25 27 #UTIL: 297
1 2 3 6 7 10 11 12 13 14 16 19 20 24 25 27 30 #UTIL: 360
2 3 6 8 9 10 12 13 16 20 24 25 26 27 28 29 #UTIL: 233
1 3 4 6 10 11 12 13 19 20 26 27 28 29 #UTIL: 284
1 3 6 7 10 11 12 13 20 26 28 #UTIL: 257
2 3 6 7 8 10 11 12 13 16 20 24 25 26 27 28 #UTIL: 297
3 6 8 10 11 12 20 24 25 26 27 29 #UTIL: 197
1 2 3 5 6 7 8 9 10 11 12 13 14 16 17 19 20 23 24 25 26 27 #UTIL: 401
1 2 3 5 6 7 8 9 10 11 12 13 14 15 16 17 19 20 23 24 25 26 27 #UTIL: 408
1 2 3 5 6 7 9 10 11 12 13 14 16 17 18 19 24 25 27 #UTIL: 354
1 2 3 4 5 6 8 9 10 11 12 13 14 17 18 19 23 24 25 27 28 #UTIL: 329
1 3 6 10 11 12 13 15 19 20 26 28 #UTIL: 257
1 2 3 6 7 10 11 13 14 16 17 19 20 21 23 29 #UTIL: 307
1 2 5 6 7 8 9 10 11 12 13 14 15 16 17 19 20 23 24 25 26 27 #UTIL: 404
2 3 6 8 10 12 13 16 20 21 24 25 26 27 28 29 #UTIL: 219
1 3 10 11 12 13 16 19 20 26 28 #UTIL: 248
1 2 3 6 7 10 11 12 13 14 16 17 19 20 24 27 #UTIL: 335
2 3 6 7 10 12 13 14 16 17 20 23 24 25 27 #UTIL: 265
2 3 5 6 7 8 10 11 12 13 16 20 24 25 26 27 #UTIL: 292
1 3 6 10 11 13 19 20 22 26 28 #UTIL: 246
1 2 7 9 10 11 12 13 14 16 17 19 20 23 24 27 #UTIL: 346
1 2 3 7 10 12 13 14 16 17 20 23 25 26 27 #UTIL: 280
2 3 6 8 10 11 12 13 16 20 24 25 26 28 29 #UTIL: 218
1 3 6 7 8 10 11 12 13 14 16 17 19 20 24 25 27 30 #UTIL: 371
1 2 3 6 7 9 10 11 12 13 14 16 17 19 20 23 24 26 27 #UTIL: 380
1 2 3 6 7 10 11 13 14 16 17 19 20 24 25 27 30 #UTIL: 356
1 3 5 6 7 9 10 11 12 14 16 17 19 20 23 24 25 26 27 #UTIL: 374
1 2 3 5 6 7 9 10 11 12 13 14 16 17 20 23 24 25 26 27 #UTIL: 346
1 6 7 9 10 11 12 13 14 16 17 19 20 23 24 25 27 #UTIL: 361
3 6 9 10 11 12 13 19 20 26 28 #UTIL: 250
1 2 3 6 10 11 12 13 14 16 17 19 20 24 25 26 27 #UTIL: 303
1 2 3 5 6 9 10 11 13 14 16 17 19 20 23 24 25 26 27 28 #UTIL: 341
2 3 6 8 10 11 12 13 20 24 25 26 27 28 #UTIL: 231
1 2 3 5 6 7 9 10 12 13 14 16 17 19 20 24 25 26 27 #UTIL: 359
1 2 3 5 6 7 8 10 12 13 14 16 17 18 19 20 23 24 25 27 #UTIL: 353
1 2 5 6 7 9 10 12 13 14 16 17 19 20 23 24 25 27 #UTIL: 349
1 2 3 6 7 10 11 13 14 16 19 20 24 25 27 30 #UTIL: 348
1 2 3 6 7 8 9 10 11 12 13 14 15 16 17 19 20 23 24 25 26 27 #UTIL: 399
1 3 7 10 11 12 13 20 26 28 #UTIL: 245
3 10 11 12 13 18 19 20 26 28 #UTIL: 232
2 3 5 6 7 8 10 11 12 13 16 18 20 24 25 26 27 #UTIL: 301
1 2 3 5 6 7 9 10 11 12 13 14 17 18 19 23 24 25 27 30 #UTIL: 383
1 2 6 7 9 10 13 14 16 17 19 20 23 24 25 26 27 #UTIL: 346
1 2 3 6 9 11 12 13 19 20 22 26 28 #UTIL: 212
1 2 5 6 7 8 9 10 11 12 13 14 15 16 17 19 20 23 24 25 26 27 30 #UTIL: 431
1 2 3 6 7 10 11 12 13 14 16 17 20 23 24 25 26 27 28 30 #UTIL: 363
1 2 3 6 7 10 11 12 13 16 17 20 24 25 27 #UTIL: 282
2 6 7 10 11 12 13 14 16 17 20 23 24 25 27 #UTIL: 285
1 2 6 7 9 10 13 14 17 19 20 23 24 25 26 27 #UTIL: 336
2 3 6 7 8 10 11 12 13 16 20 24 26 27 28 #UTIL: 291
1 2 3 6 9 10 11 12 13 14 16 17 19 20 24 25 27 #UTIL: 300
1 2 3 5 6 9 10 11 13 14 16 17 19 20 23 24 25 26 27 #UTIL: 327
1 2 6 9 10 11 12 13 14 16 17 19 20 23 24 27 #UTIL: 302
1 2 3 7 10 11 13 14 16 17 19 20 21 23 29 #UTIL: 295
1 2 5 6 7 9 10 12 13 14 16 17 19 20 23 24 25 27 28 #UTIL: 363
1 2 3 6 7 10 11 13 14 16 17 19 20 21 23 26 29 #UTIL: 325
1 2 3 6 7 10 11 12 13 14 16 17 20 23 24 25 27 28 #UTIL: 318
1 2 3 4 5 6 7 10 11 12 13 16 17 19 20 23 24 #UTIL: 331
1 2 6 7 10 11 12 13 14 16 17 18 20 23 24 25 #UTIL: 285
1 2 3 6 7 10 11 12 13 14 16 19 20 24 27 30 #UTIL: 354
1 2 3 6 7 9 10 11 12 13 14 16 17 19 20 23 24 25 #UTIL: 344
1 2 3 4 5 6 7 9 10 12 13 14 16 17 19 20 23 25 27 #UTIL: 356
1 2 3 4 5 6 9 10 11 12 13 14 17 18 19 23 24 25 26 27 #UTIL: 327
1 2 5 6 7 9 10 11 12 13 14 16 17 19 20 23 24 26 27 #UTIL: 385
1 2 3 5 6 7 9 10 11 13 14 15 16 17 18 19 23 24 25 27 #UTIL: 361
1 2 3 5 6 9 11 12 13 14 16 17 19 20 23 24 25 26 27 28 #UTIL: 289
1 3 6 9 10 11 12 13 18 19 20 22 26 28 #UTIL: 282
1 2 3 5 6 7 9 10 11 12 13 14 16 17 19 20 23 25 27 #UTIL: 371
2 3 6 7 10 11 12 13 14 17 20 22 23 24 25 27 #UTIL: 287
1 2 3 5 6 7 8 10 12 13 14 17 18 19 20 23 24 25 27 #UTIL: 343
1 2 6 7 9 10 12 13 14 16 17 19 20 23 24 27 #UTIL: 334
2 3 6 7 8 10 11 12 13 16 20 22 24 25 26 27 28 #UTIL: 305
1 2 3 6 9 10 11 13 14 16 17 19 20 23 24 25 26 27 #UTIL: 318
3 6 8 10 11 12 13 20 24 25 26 27 #UTIL: 214
1 2 3 6 7 9 10 11 12 13 14 16 17 20 23 24 26 27 #UTIL: 331
2 3 6 8 10 11 12 13 16 24 25 26 28 29 #UTIL: 198
2 3 6 8 10 11 12 13 16 17 24 25 26 28 29 #UTIL: 206
1 3 6 7 10 11 12 13 19 20 21 24 26 28 #UTIL: 313
1 2 3 5 6 9 10 12 13 14 16 19 20 23 24 25 26 27 #UTIL: 307
1 2 3 6 7 10 11 12 13 14 16 17 20 23 24 25 26 28 30 #UTIL: 339
2 3 6 7 8 10 11 12 16 20 24 25 26 27 #UTIL: 265
1 3 4 6 10 11 12 13 14 19 20 26 27 28 29 #UTIL: 294
1 3 6 10 11 12 13 19 20 22 25 26 #UTIL: 250
1 2 3 4 6 7 10 11 12 13 14 16 19 20 24 25 27 30 #UTIL: 369
1 2 3 5 6 9 11 12 14 16 17 19 20 23 24 25 26 27 28 #UTIL: 271
1 2 3 5 6 7 8 10 12 13 14 16 17 19 20 23 24 25 27 #UTIL: 344
1 2 3 6 7 9 10 11 12 13 14 16 17 20 22 23 24 26 27 #UTIL: 339
1 3 6 9 11 12 13 14 19 20 22 26 28 #UTIL: 219
1 3 6 7 9 10 11 12 13 20 21 26 28 #UTIL: 273
1 2 6 7 10 11 13 14 16 19 20 24 25 27 30 #UTIL: 344
1 3 6 9 11 12 13 18 19 20 22 26 28 #UTIL: 218
1 2 5 6 7 9 10 11 12 13 14 16 17 19 20 23 24 25 26 27 #UTIL: 391
2 6 7 10 12 13 14 16 17 20 23 24 25 #UTIL: 237
1 3 6 9 10 11 12 19 22 26 28 #UTIL: 235
1 2 6 7 9 10 11 12 13 14 16 17 19 20 21 23 24 26 27 #UTIL: 377
1 3 6 11 12 13 15 17 19 20 26 28 #UTIL: 201
2 3 6 8 10 12 13 16 18 20 21 24 25 26 27 28 29 #UTIL: 228
1 2 3 6 7 9 10 12 13 14 16 17 19 20 21 23 24 25 #UTIL: 321
2 3 8 10 12 13 16 18 20 21 24 25 26 27 28 29 #UTIL: 216
2 6 7 8 10 11 12 16 20 24 25 26 27 #UTIL: 261
1 2 3 6 7 10 11 12 13 14 16 17 20 24 25 27 30 #UTIL: 319
1 2 6 7 10 12 13 14 16 17 19 20 23 24 25 #UTIL: 301
1 3 6 10 11 12 13 15 19 20 26 #UTIL: 243
1 2 5 6 7 9 10 12 13 14 16 17 19 20 23 24 25 27 29 #UTIL: 350
1 3 6 7 9 10 11 13 17 20 26 28 #UTIL: 268
1 2 3 9 10 11 12 13 14 16 17 19 20 24 25 27 #UTIL: 288
1 2 3 6 7 9 10 11 12 13 14 17 19 20 23 24 25 26 27 #UTIL: 376
2 3 6 8 10 11 12 13 16 24 25 26 27 #UTIL: 207
1 2 3 5 6 7 10 11 12 13 14 16 17 19 20 23 24 25 26 27 #UTIL: 380
1 2 3 6 7 9 10 11 12 13 16 17 19 20 23 24 26 #UTIL: 346
1 2 3 6 7 10 11 12 13 14 17 20 22 23 24 25 27 29 #UTIL: 303
1 2 3 6 7 10 12 13 14 16 17 20 24 25 27 28 29 #UTIL: 283
2 3 6 7 8 10 11 12 13 16 20 24 25 26 28 #UTIL: 273
1 2 6 9 10 12 13 14 16 17 19 20 23 24 27 #UTIL: 278
1 2 3 6 7 10 11 12 13 14 15 16 17 19 20 21 23 29 #UTIL: 326
1 2 5 6 7 9 10 12 13 14 17 19 20 23 24 25 26 27 #UTIL: 357
1 3 4 6 10 11 12 13 14 17 19 20 26 27 28 29 #UTIL: 302
2 3 6 8 10 11 12 16 20 22 24 25 26 27 #UTIL: 217
2 3 6 8 9 10 11 12 13 14 16 20 25 26 27 #UTIL: 246
1 2 3 6 7 9 10 12 13 14 16 17 19 20 22 23 24 25 27 #UTIL: 352
2 3 6 8 9 10 11 12 13 16 18 20 25 26 27 #UTIL: 245
1 2 3 5 6 7 9 10 12 16 17 19 20 23 24 25 27 #UTIL: 325
1 2 6 9 10 11 12 13 14 16 17 19 20 21 23 24 27 #UTIL: 303
1 2 3 7 10 12 14 16 17 20 23 24 25 26 27 #UTIL: 268
1 2 3 5 6 7 9 11 12 14 16 17 19 20 23 24 25 26 27 28 #UTIL: 327
1 2 6 9 10 11 12 14 16 17 19 20 21 23 24 27 #UTIL: 285
1 2 7 9 10 11 12 13 14 16 17 18 19 20 23 24 25 27 #UTIL: 361
1 2 3 5 6 7 9 10 11 12 14 16 17 19 20 23 24 26 27 #UTIL: 371
1 2 6 7 9 10 11 13 14 16 17 19 20 23 24 25 27 #UTIL: 352
1 2 5 6 7 9 10 11 12 13 14 16 17 19 23 24 26 27 #UTIL: 365
1 2 3 5 6 7 9 10 11 12 13 14 17 18 19 20 23 24 25 27 29 #UTIL: 377
1 2 3 6 7 9 10 11 13 14 16 17 19 20 21 23 26 29 #UTIL: 340
1 2 6 7 9 10 11 13 14 16 17 18 19 20 23 24 25 27 #UTIL: 361
1 2 3 6 7 9 10 11 13 14 16 17 19 21 23 26 29 #UTIL: 320
1 2 3 6 7 10 11 12 13 14 16 19 20 21 23 29 #UTIL: 311
1 2 3 6 7 9 10 12 13 14 17 19 20 21 23 24 25 #UTIL: 311
1 3 6 7 8 10 11 12 13 14 16 17 19 20 24 27 30 #UTIL: 365
1 6 7 10 11 12 13 14 16 17 20 24 25 27 #UTIL: 285
1 2 6 7 10 11 13 14 16 19 20 23 24 25 27 30 #UTIL: 356
1 3 6 10 12 13 19 20 26 28 29 #UTIL: 227
1 2 3 6 7 9 10 11 12 13 14 17 20 22 23 24 25 27 29 #UTIL: 318
1 2 3 6 7 9 10 11 13 14 15 16 17 18 19 23 24 25 27 #UTIL: 352
1 2 3 6 9 10 11 13 14 16 17 19 20 23 24 26 27 #UTIL: 312
1 2 3 5 6 7 9 10 12 13 14 17 18 19 20 23 24 25 27 29 #UTIL: 353
1 2 6 7 9 10 13 14 16 17 19 20 23 24 26 27 #UTIL: 340
1 2 3 6 7 9 10 11 12 14 16 17 19 23 24 25 27 #UTIL: 330
2 3 6 7 8 10 12 13 16 20 21 24 25 26 27 28 29 #UTIL: 275
2 3 6 8 10 11 12 13 16 17 23 24 25 26 28 29 #UTIL: 218
2 3 6 10 12 13 16 20 24 25 26 27 28 29 #UTIL: 212
1 2 3 5 6 7 8 9 10 11 12 13 14 15 16 17 19 20 23 24 25 26 27 28 #UTIL: 422
1 2 3 6 7 10 11 12 13 14 16 17 20 23 24 25 27 30 #UTIL: 331
1 3 6 7 10 11 12 13 19 20 26 28 30 #UTIL: 333
1 2 7 9 10 11 12 13 14 16 17 19 23 24 27 #UTIL: 326
2 6 7 9 10 13 14 16 17 19 20 23 24 25 26 27 #UTIL: 331
1 3 6 7 8 10 12 13 14 16 17 19 20 24 27 30 #UTIL: 341
1 2 3 6 7 9 10 12 13 14 17 19 20 21 23 24 25 26 #UTIL: 329
2 3 6 8 10 11 12 13 16 20 24 25 26 28 #UTIL: 217
1 2 3 9 10 12 13 14 16 17 19 20 24 25 27 #UTIL: 264
1 2 3 6 11 12 13 19 20 22 26 28 #UTIL: 197
1 2 6 7 10 11 13 14 16 19 20 21 23 24 25 27 30 #UTIL: 357
1 2 9 10 11 12 13 14 16 17 19 20 24 25 27 #UTIL: 284
1 2 6 7 9 10 13 14 16 19 20 23 24 25 27 #UTIL: 320
1 2 6 7 9 10 13 14 16 19 20 23 25 27 #UTIL: 314
2 3 6 8 10 12 13 16 18 19 20 21 24 25 26 27 28 29 #UTIL: 277
1 2 3 6 7 9 11 12 13 14 16 17 19 20 23 25 26 27 #UTIL: 316
1 2 3 4 5 9 10 11 12 13 14 16 17 18 19 23 24 25 27 #UTIL: 307
1 2 3 6 7 9 11 12 13 14 17 19 20 23 24 25 26 27 #UTIL: 312
1 2 3 5 6 7 9 10 11 12 14 16 17 19 20 23 24 26 27 30 #UTIL: 398
1 2 3 6 7 8 10 11 12 14 16 17 19 20 24 25 27 30 #UTIL: 356
1 2 3 6 7 9 10 11 12 13 14 17 20 23 24 26 27 #UTIL: 321
1 2 3 6 7 10 11 13 14 17 19 20 24 25 27 30 #UTIL: 346
1 5 6 7 9 10 11 12 13 14 16 17 19 20 23 24 25 27 #UTIL: 370
1 2 3 6 7 10 11 13 14 16 17 19 20 24 25 26 27 30 #UTIL: 374
1 2 3 6 7 8 10 11 12 13 14 16 17 19 20 24 25 30 #UTIL: 350
1 2 3 6 7 10 12 13 14 16 17 19 20 23 24 25 27 28 #UTIL: 343
1 6 7 10 11 12 13 14 16 17 20 23 24 25 27 #UTIL: 297
1 2 3 6 7 10 11 13 14 16 17 20 23 24 25 26 27 30 #UTIL: 337
1 2 3 5 6 7 9 10 11 13 14 16 17 18 19 20 23 24 25 27 #UTIL: 374
1 2 5 6 7 9 10 11 12 13 14 16 17 19 23 24 25 26 27 #UTIL: 371
1 2 3 6 7 9 10 12 13 14 16 17 19 20 22 23 24 25 26 27 #UTIL: 370
1 2 3 4 5 6 7 9 12 13 14 16 17 19 20 23 24 26 27 #UTIL: 310
2 3 6 7 9 10 12 13 14 16 17 19 20 23 24 25 27 30 #UTIL: 356
2 3 6 7 10 11 12 13 14 16 17 20 23 24 25 27 #UTIL: 289
1 2 3 6 9 12 13 14 16 17 19 20 23 24 25 26 27 #UTIL: 242
1 2 3 4 6 9 12 13 14 16 17 19 20 23 24 25 26 27 #UTIL: 251
1 2 3 4 6 7 9 10 11 12 13 16 17 19 20 23 24 26 #UTIL: 355
2 3 6 8 10 11 12 13 16 18 20 21 24 25 26 27 28 29 #UTIL: 252
1 2 3 5 6 9 11 14 16 17 19 20 23 24 25 26 27 28 #UTIL: 259
1 6 10 11 13 19 20 24 26 28 #UTIL: 240
1 2 3 4 5 6 9 12 13 14 16 17 19 20 23 24 26 27 #UTIL: 254
2 3 6 8 10 13 16 18 20 21 24 25 26 27 28 29 #UTIL: 216
1 2 3 5 6 7 10 11 12 13 14 16 17 19 20 23 24 29 #UTIL: 333
1 2 6 7 10 11 12 13 14 16 17 18 20 22 23 24 25 #UTIL: 293
1 3 6 7 8 10 12 13 14 16 17 19 20 22 24 27 30 #UTIL: 349
1 2 3 5 6 9 10 11 13 14 16 17 19 23 24 25 26 27 #UTIL: 307
2 3 6 8 10 13 16 18 20 21 24 25 26 27 28 #UTIL: 215
1 2 3 6 9 11 13 19 20 22 26 28 #UTIL: 200
1 5 6 7 9 10 11 12 13 14 16 17 19 23 24 26 27 #UTIL: 362
2 6 7 10 11 12 13 14 15 16 17 20 23 24 25 #UTIL: 268
2 3 6 8 9 10 11 12 13 16 18 20 25 27 #UTIL: 227
1 2 3 9 10 12 13 14 16 17 19 20 23 24 25 27 #UTIL: 276
1 3 6 10 12 13 15 19 20 26 #UTIL: 219
1 3 7 10 11 12 13 20 23 26 28 #UTIL: 257
1 2 3 6 7 9 10 11 12 13 14 17 20 23 24 26 27 28 #UTIL: 335
1 2 9 10 12 13 14 16 17 19 20 23 24 27 #UTIL: 266
2 3 6 7 10 11 12 14 16 17 20 23 24 25 27 #UTIL: 271
1 2 3 4 5 9 10 11 12 13 14 15 17 18 19 23 24 25 27 #UTIL: 304
1 2 9 10 12 13 14 16 17 19 20 23 24 27 28 #UTIL: 280
1 3 6 7 8 10 12 13 14 16 17 19 20 24 25 27 30 #UTIL: 347
1 2 3 6 7 9 10 11 12 13 14 16 17 20 23 24 25 27 28 #UTIL: 333
1 3 7 10 11 12 13 20 21 23 26 28 #UTIL: 258
1 3 5 6 11 12 13 15 17 19 20 26 28 #UTIL: 210
1 2 3 6 7 9 10 12 13 14 17 19 20 23 24 25 26 27 #UTIL: 352
1 3 6 7 9 10 11 12 13 18 19 20 22 26 28 #UTIL: 338
1 2 3 5 6 7 9 10 12 13 14 16 17 19 20 23 26 27 #UTIL: 359
1 2 3 6 7 10 11 13 14 16 19 20 23 24 25 27 30 #UTIL: 360
1 2 3 7 10 11 13 14 16 17 19 20 21 23 27 29 #UTIL: 319
2 3 6 8 9 10 11 12 13 15 16 20 25 26 27 #UTIL: 243
1 2 3 5 6 7 9 10 11 12 13 14 17 18 19 23 24 25 30 #UTIL: 359
2 3 6 8 10 11 12 13 15 16 20 25 26 27 #UTIL: 228
1 2 5 6 7 9 11 12 14 16 17 19 20 23 24 25 26 27 28 #UTIL: 323
1 2 6 7 9 10 13 14 16 17 19 20 23 24 25 27 29 #UTIL: 329
1 2 6 9 10 11 12 13 14 16 17 18 19 20 23 24 27 #UTIL: 311
2 6 7 10 11 12 13 14 16 17 20 23 24 #UTIL: 255
1 2 3 5 6 7 9 10 11 12 14 16 17 19 20 23 25 27 #UTIL: 353
1 3 6 7 10 11 12 13 20 21 26 28 #UTIL: 258
1 6 7 9 10 11 12 13 14 16 17 18 19 20 23 24 25 27 #UTIL: 370
1 2 3 5 6 9 10 11 12 13 14 16 17 20 23 24 25 26 27 #UTIL: 290
1 2 3 6 7 10 11 12 13 14 17 20 21 22 23 24 25 27 #UTIL: 303
1 2 3 6 7 9 10 11 12 13 14 17 19 20 23 24 25 27 #UTIL: 358
1 2 3 6 7 8 9 10 11 12 13 14 15 16 17 18 19 20 23 24 25 26 27 #UTIL: 408
2 3 4 6 8 10 11 12 13 20 24 25 26 27 #UTIL: 226
1 3 4 6 9 11 12 13 19 20 22 26 28 #UTIL: 218
1 2 3 4 5 6 7 10 11 12 13 16 17 19 20 21 23 24 #UTIL: 332
1 2 3 6 7 10 11 12 13 14 16 17 19 20 24 27 30 #UTIL: 362
3 10 11 12 13 15 18 19 20 26 28 #UTIL: 239
1 2 3 6 7 9 11 12 13 14 16 17 20 23 24 25 27 28 #UTIL: 269
1 3 4 6 10 12 13 15 19 20 26 #UTIL: 228
1 2 3 5 6 7 8 9 10 11 12 13 14 16 17 18 19 20 23 24 25 27 29 #UTIL: 393
1 3 6 7 10 11 12 13 16 17 19 20 23 24 #UTIL: 310
1 2 3 9 10 12 13 14 16 17 19 20 24 25 #UTIL: 240
1 2 3 6 9 10 11 12 13 14 16 17 19 20 23 24 25 27 #UTIL: 312
1 3 5 6 7 9 10 11 12 14 16 17 18 19 20 23 24 25 26 27 #UTIL: 383
1 2 3 4 5 6 7 9 10 12 13 14 16 17 19 23 25 27 #UTIL: 336
1 2 6 7 10 11 12 13 14 16 17 20 23 24 25 27 30 #UTIL: 327
1 3 6 10 11 12 13 19 20 21 26 28 #UTIL: 251
2 3 6 8 10 11 12 20 24 25 26 27 28 #UTIL: 213
2 3 6 8 10 11 12 13 15 16 20 24 25 26 27 #UTIL: 234
1 2 6 7 9 11 12 13 14 16 17 19 20 23 24 25 26 27 #UTIL: 318
1 6 7 9 10 11 12 13 14 16 17 19 20 23 25 27 #UTIL: 355
1 3 6 7 9 11 12 13 19 20 26 28 30 #UTIL: 284
1 2 3 6 7 8 10 11 12 13 14 16 17 20 24 25 26 27 30 #UTIL: 343
2 3 8 10 11 12 13 15 16 20 24 25 26 27 #UTIL: 222
1 3 6 7 9 10 11 12 13 14 16 17 18 20 23 24 25 27 #UTIL: 325
1 2 3 6 7 10 11 12 13 16 17 20 24 25 27 29 #UTIL: 283
1 2 3 6 7 10 11 13 14 16 17 19 20 23 24 25 27 #UTIL: 341
1 2 3 6 7 9 10 11 13 14 15 16 17 18 19 23 24 27 #UTIL: 346
1 2 3 5 6 9 11 12 13 14 16 17 18 19 20 23 24 25 27 #UTIL: 266
2 3 8 10 12 16 18 20 21 24 25 26 27 28 29 #UTIL: 198
1 2 3 5 6 7 9 10 11 13 14 16 17 18 19 20 24 25 27 #UTIL: 362
1 2 3 6 9 11 13 19 20 22 23 26 28 #UTIL: 212
2 3 8 10 12 16 18 20 21 24 25 26 27 29 #UTIL: 184
1 2 3 6 7 12 13 14 16 17 19 20 23 24 25 #UTIL: 241
1 2 3 5 6 9 10 11 12 13 14 17 18 19 23 25 27 #UTIL: 294
1 2 3 6 7 9 10 12 13 14 16 17 19 20 22 23 24 25 #UTIL: 328
1 2 3 6 7 9 10 11 12 13 14 16 17 18 20 21 23 24 25 27 #UTIL: 329
1 2 7 9 10 11 12 13 14 16 17 18 19 20 22 23 24 25 27 #UTIL: 369
1 2 3 6 10 11 12 13 16 17 19 20 24 25 27 #UTIL: 275
2 3 6 7 10 11 12 13 16 17 19 20 23 24 #UTIL: 298
1 3 6 9 11 12 13 18 19 22 26 28 #UTIL: 198
1 2 3 5 6 7 9 10 11 12 13 14 16 17 20 23 24 25 27 28 #UTIL: 342
1 2 3 6 7 10 11 12 14 16 19 20 24 27 30 #UTIL: 336
1 2 3 6 7 10 11 12 13 14 16 19 20 25 27 30 #UTIL: 354
1 2 3 6 7 9 12 13 14 16 17 19 20 23 24 26 27 #UTIL: 292
1 2 3 6 7 8 10 11 12 13 16 20 22 24 25 26 27 28 #UTIL: 320
1 3 6 7 9 10 12 13 14 16 17 19 20 22 23 24 25 27 #UTIL: 349
1 2 3 5 6 7 8 12 13 14 16 17 18 19 20 23 24 25 27 #UTIL: 289
1 2 3 5 6 9 10 11 12 13 14 16 17 19 20 23 24 25 26 27 30 #UTIL: 366
1 5 6 7 9 10 12 13 14 16 17 19 20 23 24 25 27 29 #UTIL: 347
1 2 3 5 6 7 9 10 12 13 14 16 17 19 20 22 23 24 25 26 27 #UTIL: 379
2 5 6 7 10 12 13 14 16 17 20 23 24 25 #UTIL: 246
1 3 6 10 11 13 19 20 22 24 26 28 #UTIL: 252
1 2 5 6 7 8 9 10 11 12 13 14 16 17 19 23 24 25 26 27 #UTIL: 377
1 2 3 5 6 7 9 10 11 12 14 16 17 20 23 24 26 27 #UTIL: 322
3 6 9 10 11 13 19 20 26 28 #UTIL: 238
1 2 5 6 7 9 10 11 13 14 15 16 17 18 19 23 24 25 27 #UTIL: 357
1 2 3 4 6 7 9 10 11 12 13 14 16 19 20 24 25 27 30 #UTIL: 384
1 2 3 5 6 7 9 10 11 12 13 14 16 17 18 19 20 22 23 24 25 27 29 #UTIL: 395
1 2 3 5 6 7 9 10 11 12 16 17 19 20 23 24 26 27 30 #UTIL: 388
2 3 6 8 10 11 12 13 16 17 22 24 25 26 28 29 #UTIL: 214
1 2 3 6 7 10 11 12 13 14 16 19 20 24 30 #UTIL: 330
2 3 5 6 7 10 12 13 14 16 17 20 23 24 25 27 #UTIL: 274
1 2 5 6 7 9 10 11 12 13 14 16 17 19 20 23 24 26 27 30 #UTIL: 412
3 6 8 10 11 12 20 23 24 25 26 27 29 #UTIL: 209
1 2 6 7 10 11 12 14 16 17 18 20 22 23 24 25 #UTIL: 275
1 2 3 6 7 8 10 11 12 13 14 16 17 20 24 25 27 30 #UTIL: 325
1 2 3 4 6 9 10 11 12 13 14 16 19 20 24 25 27 30 #UTIL: 328
1 2 3 6 7 9 10 11 12 13 14 16 17 19 20 24 25 27 30 #UTIL: 383
1 3 5 6 7 9 10 12 13 14 16 17 19 20 23 24 25 27 #UTIL: 350
2 3 6 10 12 13 16 20 24 25 26 28 29 #UTIL: 188
1 2 3 6 7 10 11 12 13 14 16 19 20 23 24 30 #UTIL: 342
1 2 3 6 7 9 10 12 13 14 17 19 23 24 25 26 27 #UTIL: 332
1 2 3 6 7 10 12 13 14 16 17 19 20 23 24 25 27 29 #UTIL: 330
1 2 3 5 6 9 10 11 12 13 14 16 17 19 20 23 25 26 27 28 #UTIL: 347
1 2 3 5 6 7 9 10 11 12 13 14 17 20 23 24 25 27 28 #UTIL: 332
1 5 6 7 9 10 11 12 13 14 16 17 19 20 24 25 27 #UTIL: 358
1 3 6 8 9 10 11 12 19 22 26 28 #UTIL: 241
1 2 3 6 7 9 10 12 13 14 16 17 19 20 23 24 26 27 #UTIL: 356
1 3 6 10 11 12 13 15 17 19 20 26 #UTIL: 251
1 3 6 10 11 12 13 15 17 19 20 26 28 #UTIL: 265
1 2 3 9 10 12 13 14 16 17 20 24 25 27 #UTIL: 215
1 2 6 7 9 10 13 14 15 16 17 19 20 23 24 25 26 27 #UTIL: 353
1 2 3 5 6 7 10 12 13 14 16 17 20 24 25 27 28 29 #UTIL: 292
2 3 6 8 10 13 16 17 18 20 21 24 25 26 27 28 #UTIL: 223
1 2 3 6 7 10 11 12 13 14 15 16 17 19 20 23 24 #UTIL: 330
10 11 12 13 19 20 21 26 28 #UTIL: 220
2 3 6 8 10 11 12 13 16 20 25 26 27 30 #UTIL: 248
1 2 5 6 7 9 10 11 12 16 17 19 20 23 24 26 27 30 #UTIL: 384
1 2 3 6 7 10 11 12 13 14 16 17 19 20 21 22 23 29 #UTIL: 327
1 2 3 7 10 12 13 14 16 17 20 23 24 26 27 #UTIL: 280
1 6 7 9 10 11 12 13 14 16 17 19 20 23 25 26 27 #UTIL: 373
1 2 3 6 7 9 10 11 13 14 16 17 18 19 23 24 27 #UTIL: 339
1 3 4 6 10 11 12 13 15 19 20 26 28 #UTIL: 266
1 2 3 6 7 10 11 12 13 14 16 17 19 20 24 26 27 #UTIL: 353
1 3 6 7 10 12 13 19 20 26 28 29 #UTIL: 283
1 2 3 5 6 9 10 12 13 14 16 17 19 20 23 25 26 27 28 #UTIL: 323
1 5 6 7 9 11 12 13 14 16 17 19 20 23 24 25 27 #UTIL: 306
1 2 3 5 6 9 11 12 13 14 16 17 18 19 20 23 24 25 27 29 #UTIL: 267
1 2 3 6 7 10 11 12 13 16 17 19 20 24 25 27 30 #UTIL: 358
1 2 3 4 5 8 9 10 11 12 13 14 17 18 19 23 24 25 27 #UTIL: 303
2 3 6 7 8 10 12 13 16 20 21 24 25 26 27 28 29 30 #UTIL: 302
2 3 6 9 10 11 12 13 14 16 17 19 20 24 25 27 #UTIL: 285
1 2 3 5 6 7 8 12 13 14 15 16 17 18 19 20 23 24 25 27 #UTIL: 296
1 2 3 6 7 8 10 11 12 13 16 20 22 24 25 26 27 #UTIL: 306
2 3 6 10 12 13 16 20 22 24 25 26 27 28 29 #UTIL: 220
1 2 3 5 6 7 9 12 13 14 15 16 17 19 20 23 24 26 27 #UTIL: 308
1 2 3 6 9 11 12 13 14 16 17 18 19 20 23 24 25 27 #UTIL: 257
1 2 6 9 10 13 14 16 17 19 20 23 24 26 27 #UTIL: 284
1 2 4 5 6 7 9 10 12 13 14 16 17 19 20 23 24 25 27 28 #UTIL: 372
1 3 4 5 6 9 10 11 12 13 14 15 17 18 19 23 24 25 27 28 #UTIL: 327
2 3 5 6 7 9 12 13 14 15 16 17 19 20 23 24 26 27 #UTIL: 293
1 2 3 5 6 7 9 11 12 16 17 19 20 23 24 26 27 30 #UTIL: 324
1 2 6 7 9 10 11 12 14 16 17 19 20 23 24 27 #UTIL: 340
2 3 7 8 10 11 12 13 16 20 24 25 26 28 #UTIL: 261
1 2 3 5 6 7 8 9 12 13 14 15 16 17 18 19 20 23 24 25 27 #UTIL: 311
3 6 9 10 11 12 19 20 26 28 #UTIL: 232
2 3 6 8 10 12 13 16 20 22 24 25 26 27 28 29 #UTIL: 226
1 3 6 7 8 10 11 12 13 14 16 17 19 20 24 25 27 28 30 #UTIL: 385
1 2 7 9 10 11 12 13 14 16 17 18 19 22 23 24 25 27 #UTIL: 349
1 2 3 6 7 10 12 13 14 15 16 17 20 24 25 27 #UTIL: 275
1 3 6 7 11 12 13 19 20 26 28 30 #UTIL: 269
1 2 3 6 9 10 11 12 13 14 16 17 19 20 22 23 24 25 27 #UTIL: 320
2 3 6 8 10 11 12 13 16 20 25 26 27 29 30 #UTIL: 249
1 2 6 7 10 11 12 13 14 16 17 20 23 24 25 26 27 #UTIL: 318
1 3 6 11 13 19 20 24 26 28 #UTIL: 180
1 3 6 9 10 11 12 19 22 25 26 28 #UTIL: 241
1 2 5 6 7 9 10 11 13 14 15 16 17 18 19 23 24 25 27 30 #UTIL: 384
1 2 3 7 10 12 14 16 17 23 24 25 26 27 #UTIL: 248
1 2 3 4 5 7 9 10 11 12 13 14 16 17 19 20 23 24 25 27 #UTIL: 374
1 2 3 9 10 12 13 14 17 19 20 24 25 27 #UTIL: 254
1 2 3 6 7 10 11 13 14 16 17 19 20 24 25 26 27 #UTIL: 347
1 2 3 5 6 7 9 10 12 13 14 16 17 20 23 26 27 #UTIL: 310
1 2 3 5 6 9 10 12 13 14 16 17 19 20 23 25 26 27 28 30 #UTIL: 350
1 2 3 5 6 9 10 11 12 14 16 17 19 20 23 24 25 26 27 30 #UTIL: 348
2 3 8 10 11 12 13 15 16 20 21 24 25 26 27 #UTIL: 223
2 6 10 11 12 13 14 16 17 20 23 24 25 29 #UTIL: 206
1 2 3 6 10 12 13 14 16 17 20 24 25 27 29 #UTIL: 213
1 2 6 7 9 13 14 16 17 19 20 23 24 25 27 #UTIL: 264
1 2 3 5 6 7 9 10 11 12 14 16 17 19 20 23 24 27 30 #UTIL: 380
1 2 9 10 12 14 16 17 19 20 23 24 27 28 #UTIL: 262
1 2 3 6 7 10 11 12 13 14 15 16 17 19 20 23 24 28 #UTIL: 344
1 2 9 10 12 14 16 17 19 20 21 23 24 27 28 #UTIL: 263
2 3 6 7 8 10 12 13 16 20 21 24 26 27 28 29 #UTIL: 269
1 2 3 5 6 7 8 9 10 11 12 13 14 16 17 18 19 20 23 24 25 27 #UTIL: 392
1 3 6 8 10 11 13 19 20 22 24 26 28 #UTIL: 258
1 3 10 11 12 13 15 19 20 26 28 #UTIL: 245
1 2 3 6 7 10 11 12 13 14 16 20 23 24 25 26 27 30 #UTIL: 341
1 3 6 7 8 10 11 12 13 14 16 17 18 19 20 24 27 30 #UTIL: 374
1 2 6 7 9 10 11 12 14 16 17 19 20 23 24 27 29 #UTIL: 341
1 2 3 4 5 9 10 11 12 13 14 17 18 19 23 24 25 27 30 #UTIL: 324
2 3 10 12 16 18 20 21 24 25 26 27 29 #UTIL: 178
1 3 6 7 8 10 12 13 14 16 17 19 20 22 24 26 27 30 #UTIL: 367
1 2 3 5 6 7 9 10 11 12 13 14 16 17 19 20 23 24 25 27 30 #UTIL: 404
1 2 3 6 9 11 12 13 19 20 26 28 #UTIL: 204
1 2 3 5 6 7 9 10 13 14 16 17 18 19 20 24 25 27 #UTIL: 338
1 2 6 7 9 10 11 12 13 14 16 17 19 20 23 25 26 27 #UTIL: 376
1 2 3 5 6 7 9 12 13 14 17 19 20 23 24 26 27 #UTIL: 291
1 2 3 6 7 10 11 12 13 14 16 17 19 20 23 24 25 27 29 #UTIL: 354
1 2 3 5 6 7 9 13 14 16 17 19 20 23 24 25 26 27 #UTIL: 295
1 2 3 5 6 7 8 10 12 13 14 16 17 19 20 23 25 27 #UTIL: 338
1 2 3 4 6 7 9 10 11 12 13 14 16 18 19 20 24 25 27 30 #UTIL: 393
2 3 4 6 7 9 10 11 12 13 14 16 18 19 20 24 25 27 30 #UTIL: 378
1 2 3 6 7 10 11 12 13 14 16 19 20 23 24 27 30 #UTIL: 366
1 3 6 7 10 11 12 13 14 16 17 20 24 27 #UTIL: 283
1 2 3 6 10 11 12 13 14 16 17 19 20 25 26 27 #UTIL: 297
2 6 7 8 10 11 12 20 24 25 26 27 #UTIL: 251
1 2 3 5 6 7 9 11 12 14 16 17 20 23 24 25 26 27 28 #UTIL: 278
1 2 5 6 7 8 9 10 11 12 13 16 17 19 23 24 25 26 27 #UTIL: 367
1 3 6 11 12 13 17 19 26 28 #UTIL: 174
1 2 5 6 7 9 10 11 13 14 15 17 18 19 23 24 25 27 #UTIL: 347
2 3 6 8 10 12 13 16 20 24 25 27 28 29 #UTIL: 200
1 3 6 7 10 11 12 13 14 16 17 19 20 23 24 #UTIL: 320
2 6 9 10 13 14 16 17 19 20 23 24 26 27 #UTIL: 269
1 2 3 6 7 11 12 13 14 15 16 17 19 20 21 23 29 #UTIL: 262
2 3 6 7 10 11 12 13 16 20 24 25 26 28 #UTIL: 267
2 6 7 10 11 12 13 14 16 17 20 24 25 27 #UTIL: 273
1 2 3 6 7 8 10 11 12 13 14 16 17 20 23 25 26 27 30 #UTIL: 349
1 3 6 10 11 13 14 19 20 24 26 28 #UTIL: 254
1 3 6 7 8 10 11 12 13 14 16 17 19 20 24 27 28 30 #UTIL: 379
1 2 3 5 6 7 9 10 12 13 14 17 19 20 23 24 26 27 #UTIL: 355
2 6 9 10 11 12 13 14 16 17 19 20 23 24 27 #UTIL: 287
1 2 3 6 7 10 11 12 13 14 16 17 19 20 23 24 27 30 #UTIL: 374
1 2 3 6 7 8 9 10 12 13 14 16 17 19 20 21 23 24 25 27 #UTIL: 351
2 6 9 10 11 12 13 14 16 17 19 23 24 27 #UTIL: 267
3 6 8 11 12 20 23 24 25 26 27 29 #UTIL: 145
1 6 9 10 11 12 13 19 20 22 28 #UTIL: 251
1 3 10 11 12 13 15 19 26 28 #UTIL: 225
2 3 6 7 10 11 12 13 16 20 24 26 27 28 #UTIL: 285
1 2 3 5 6 7 9 10 11 12 16 17 19 20 23 24 26 27 28 30 #UTIL: 402
1 3 6 7 10 11 12 13 14 16 17 20 22 24 27 #UTIL: 291
1 2 3 5 6 7 9 10 11 13 14 15 16 17 18 19 23 24 25 27 28 #UTIL: 375
2 3 6 8 10 11 12 13 16 18 24 25 26 27 #UTIL: 216
1 3 4 5 6 10 11 12 13 14 17 19 20 26 27 28 29 #UTIL: 311
1 2 5 6 7 9 10 12 13 14 17 20 23 24 25 26 27 #UTIL: 308
3 6 8 9 10 11 12 13 17 20 24 25 26 27 29 #UTIL: 238
1 2 3 6 7 8 10 11 12 13 16 19 20 22 24 25 26 27 #UTIL: 355
1 2 3 5 7 9 10 11 12 13 14 16 17 19 20 22 23 24 25 27 #UTIL: 373
1 2 3 6 7 8 10 11 13 14 16 17 20 23 24 25 26 27 30 #UTIL: 343
2 3 6 7 10 11 12 13 16 17 19 20 23 24 29 #UTIL: 299
1 2 5 6 7 9 11 12 14 16 17 19 20 24 25 26 27 28 #UTIL: 311
1 2 3 5 6 7 9 10 11 12 13 14 15 16 17 18 19 20 22 23 24 25 27 29 #UTIL: 402
1 3 6 7 9 10 12 13 14 16 17 19 20 22 23 24 25 26 27 #UTIL: 367
1 3 6 10 11 12 13 15 19 20 26 27 28 #UTIL: 281
1 2 3 5 6 7 8 10 11 12 14 16 17 19 20 24 25 27 30 #UTIL: 365
1 3 6 7 11 12 13 14 16 17 20 22 23 24 25 27 #UTIL: 245
1 2 3 6 7 10 12 13 14 15 16 17 20 21 24 25 27 #UTIL: 276
1 2 3 6 7 10 11 13 14 16 17 19 20 24 25 27 #UTIL: 329
1 2 3 6 7 8 10 11 12 14 16 17 19 20 24 25 30 #UTIL: 332
1 2 3 5 6 7 9 10 11 12 13 14 17 18 19 20 23 24 25 29 #UTIL: 353
1 2 3 4 5 9 10 11 12 13 14 15 17 18 19 24 25 27 #UTIL: 292
1 2 3 5 6 7 9 12 13 14 16 17 19 20 24 26 27 #UTIL: 289
1 2 3 6 7 10 11 12 13 16 17 18 19 20 24 25 27 30 #UTIL: 367
1 2 3 6 7 9 10 11 12 13 15 16 17 19 20 23 24 26 #UTIL: 353
1 2 3 6 7 9 10 12 13 14 16 17 19 20 22 23 24 26 27 #UTIL: 364
1 2 4 5 6 7 9 10 12 13 14 16 17 19 23 24 25 27 28 #UTIL: 352
1 2 3 6 9 10 11 12 13 14 16 17 19 20 21 23 24 25 27 #UTIL: 313
1 2 3 5 6 9 11 12 14 16 17 19 23 24 25 26 27 28 #UTIL: 251
2 3 10 12 16 18 20 21 25 26 27 29 #UTIL: 172
1 2 3 5 6 7 9 10 11 13 14 15 16 17 18 19 21 23 24 25 27 #UTIL: 362
1 2 6 9 10 13 14 16 17 20 23 24 26 27 #UTIL: 235
1 2 3 6 7 9 10 12 13 14 16 17 19 20 22 23 24 27 #UTIL: 346
1 2 3 6 7 9 10 12 13 14 15 16 17 19 20 22 23 24 27 #UTIL: 353
1 2 3 6 7 10 12 13 14 16 17 19 20 22 23 24 25 #UTIL: 313
1 2 6 7 9 10 11 12 13 14 16 18 19 20 23 24 25 27 #UTIL: 365
1 3 6 10 11 13 19 20 24 26 28 29 #UTIL: 245
1 2 3 5 6 7 8 9 10 11 12 13 14 16 17 19 20 23 24 25 26 #UTIL: 377
1 2 3 6 7 10 11 13 14 15 16 19 20 24 25 27 30 #UTIL: 355
1 2 5 6 7 9 12 13 14 17 19 20 23 24 25 26 27 #UTIL: 293
1 2 3 6 7 8 9 10 12 13 14 16 17 19 20 23 24 25 27 30 #UTIL: 377
1 3 6 7 8 10 11 12 13 14 16 17 19 20 22 24 25 27 30 #UTIL: 379
1 2 3 6 7 10 12 13 14 16 17 20 21 23 24 25 26 27 #UTIL: 299
1 2 3 6 7 10 11 12 13 14 16 17 20 23 24 25 26 27 28 29 30 #UTIL: 364
1 2 3 5 6 7 9 10 11 12 14 16 17 19 20 24 25 26 27 #UTIL: 365
2 3 6 8 9 10 12 13 16 18 20 21 24 25 26 27 28 29 #UTIL: 243
1 6 7 10 11 12 13 14 16 17 20 24 25 27 29 #UTIL: 286
1 2 3 5 6 9 11 13 14 16 17 19 20 23 24 25 26 27 #UTIL: 263
1 2 3 6 9 10 12 13 14 17 19 20 24 25 27 #UTIL: 266
1 2 3 5 6 7 9 10 11 12 13 14 17 18 23 24 25 27 30 #UTIL: 334
1 2 6 7 9 10 11 12 13 14 16 17 19 20 23 25 26 27 28 #UTIL: 390
1 2 3 5 6 7 9 10 11 12 13 14 16 17 20 23 24 25 26 27 29 #UTIL: 347
1 3 6 10 11 12 13 17 19 26 28 #UTIL: 238
1 2 3 5 6 7 8 10 12 13 14 15 16 17 18 19 20 23 24 25 27 #UTIL: 360
1 2 5 6 7 9 10 11 13 14 15 16 17 18 19 23 24 27 #UTIL: 351
3 6 7 10 11 12 13 20 26 28 #UTIL: 242
1 6 7 9 10 13 14 16 17 19 20 23 24 25 26 27 #UTIL: 343
1 2 3 6 7 10 11 13 14 17 19 20 24 25 30 #UTIL: 322
1 2 3 6 7 9 10 11 12 13 14 17 20 23 24 25 27 #UTIL: 309
1 2 3 5 6 7 9 10 11 12 13 14 16 17 19 20 23 24 29 #UTIL: 348
2 3 7 8 9 10 11 12 13 16 20 24 25 26 28 #UTIL: 276
1 2 3 6 7 10 11 13 14 15 16 19 20 24 25 27 28 30 #UTIL: 369
1 2 3 4 5 9 10 11 12 13 14 15 17 18 23 24 25 27 #UTIL: 255
1 2 3 6 7 9 10 12 13 14 16 17 19 20 23 24 26 27 28 #UTIL: 370
1 2 5 6 7 10 12 13 14 16 17 19 20 23 24 25 27 29 #UTIL: 335
1 2 3 5 6 7 8 13 14 16 17 18 19 20 23 24 25 27 #UTIL: 277
1 2 3 6 7 9 10 11 13 14 17 19 20 23 24 25 26 27 #UTIL: 364
1 2 3 6 9 10 11 12 13 14 16 17 20 23 24 25 27 28 #UTIL: 277
1 2 3 6 7 10 11 12 14 16 17 19 20 23 24 25 27 #UTIL: 335
1 3 6 7 8 10 11 12 13 14 16 17 18 19 20 24 27 29 30 #UTIL: 375
1 2 3 4 6 7 9 10 11 12 13 14 16 17 19 20 23 24 25 27 #UTIL: 377
1 2 3 5 6 7 8 9 10 11 13 14 16 17 18 19 20 24 25 27 #UTIL: 368
1 2 3 5 6 9 10 12 13 14 16 17 19 20 23 24 25 26 27 28 30 #UTIL: 356
1 2 3 6 7 9 10 11 12 13 16 17 19 20 23 24 26 28 #UTIL: 360
1 2 3 5 7 8 9 10 11 12 13 14 16 17 19 20 23 24 25 26 #UTIL: 365
1 2 3 9 10 11 12 13 14 16 17 19 20 23 24 25 27 #UTIL: 300
1 2 6 7 10 11 12 13 14 16 19 20 24 25 27 30 #UTIL: 356
1 2 5 6 7 9 10 11 13 14 17 18 19 23 24 25 27 #UTIL: 340
1 2 3 5 6 7 9 12 13 14 15 16 17 19 20 24 26 27 #UTIL: 296
1 2 3 6 7 9 10 12 13 14 16 17 19 20 23 24 26 27 28 30 #UTIL: 397
1 2 3 6 10 11 12 13 16 17 20 24 25 27 29 #UTIL: 227
1 2 3 6 7 9 10 11 12 13 14 17 20 22 23 25 27 29 #UTIL: 312
1 2 5 6 7 10 11 13 14 15 16 17 18 19 23 24 25 27 #UTIL: 342
1 2 5 6 7 9 10 11 13 14 16 17 19 20 23 24 25 27 #UTIL: 361
1 2 3 5 6 7 8 10 11 12 13 16 20 22 24 25 26 27 #UTIL: 315
2 3 6 8 10 11 12 13 15 16 19 20 25 26 27 #UTIL: 277
1 3 4 6 10 11 12 13 20 26 27 28 29 #UTIL: 235
1 2 6 7 9 13 14 16 17 19 20 23 24 25 27 29 #UTIL: 265
1 2 3 4 5 6 7 9 10 12 13 14 15 16 17 19 20 23 25 27 #UTIL: 363
1 6 7 9 10 11 12 13 14 16 17 19 20 23 25 26 27 28 #UTIL: 387
1 2 3 5 6 7 8 9 10 12 13 14 16 17 19 20 23 24 25 27 #UTIL: 359
1 3 6 11 12 13 14 15 17 19 20 26 28 #UTIL: 211
1 2 3 6 7 9 11 12 13 14 17 19 20 21 23 24 25 26 27 #UTIL: 313
1 2 3 7 9 10 12 13 14 17 19 23 24 25 26 27 #UTIL: 320
1 3 6 7 8 10 12 13 14 16 17 19 20 21 22 24 27 30 #UTIL: 350
1 2 6 7 9 10 14 16 17 19 20 23 24 25 27 #UTIL: 310
1 2 3 5 6 9 10 11 12 14 16 17 18 19 20 23 24 25 26 27 30 #UTIL: 357
2 3 5 6 7 9 10 11 12 13 14 16 17 20 23 24 25 26 27 29 #UTIL: 332
1 3 5 6 7 9 10 11 12 14 16 17 18 20 23 24 25 26 27 #UTIL: 334
1 2 3 5 6 7 9 10 11 12 13 14 16 17 19 20 23 25 27 29 #UTIL: 372
1 3 5 6 10 11 12 13 19 20 22 25 26 #UTIL: 259
1 2 3 4 5 9 10 11 12 13 14 17 18 19 20 23 24 25 27 30 #UTIL: 344
1 2 3 6 7 8 10 11 12 13 16 17 19 20 24 25 27 30 #UTIL: 364
1 2 5 6 7 9 10 12 13 14 17 18 20 23 24 25 26 27 #UTIL: 317
1 2 3 6 7 10 11 12 13 14 16 17 18 19 20 24 25 27 30 #UTIL: 377
1 2 6 7 10 11 13 14 16 20 23 24 25 27 30 #UTIL: 307
1 6 7 9 10 13 14 16 17 19 20 23 24 25 27 #UTIL: 325
1 2 3 6 7 9 10 11 12 13 14 15 16 17 19 20 23 24 25 26 27 #UTIL: 393
1 2 3 5 6 7 9 10 12 13 14 16 17 18 19 20 23 25 27 #UTIL: 356
1 2 5 6 7 9 10 11 13 14 16 17 19 20 23 24 26 27 30 #UTIL: 400
1 2 3 6 7 10 12 13 14 17 19 20 23 24 25 26 27 #UTIL: 337
1 2 3 5 6 9 10 11 12 14 16 18 19 20 23 24 25 26 27 30 #UTIL: 349
1 2 6 9 10 13 14 16 17 19 20 23 24 26 #UTIL: 260
1 2 6 7 9 10 11 12 14 16 17 19 20 23 24 29 #UTIL: 317
1 2 3 6 7 8 10 11 12 13 16 17 19 20 23 24 25 27 30 #UTIL: 376
1 2 3 6 7 10 12 13 14 16 17 20 22 23 24 25 27 #UTIL: 288
1 2 3 5 6 9 11 14 17 19 20 23 24 25 26 27 28 #UTIL: 249
1 2 3 5 6 9 10 11 12 13 14 18 19 23 25 27 #UTIL: 286
1 6 7 9 10 13 14 16 19 20 23 24 25 27 #UTIL: 317
1 2 6 7 9 10 13 14 16 17 20 23 24 25 27 #UTIL: 279
2 3 6 7 10 11 12 13 14 16 17 19 20 24 27 #UTIL: 320
1 2 3 6 10 11 12 13 14 16 17 20 23 24 25 26 27 28 29 30 #UTIL: 308
1 2 3 5 6 7 9 10 11 12 13 14 16 17 20 21 23 24 25 27 28 #UTIL: 343
3 6 9 10 11 13 16 19 20 26 28 #UTIL: 248
1 3 6 9 10 11 12 13 18 19 20 22 26 28 29 #UTIL: 283
1 5 6 7 9 10 11 12 13 14 15 16 17 19 20 23 24 25 27 #UTIL: 377
2 10 11 12 13 14 16 17 20 23 24 25 #UTIL: 193
1 2 3 5 7 9 10 11 13 14 15 16 17 18 19 23 24 25 27 28 #UTIL: 363
1 3 6 10 11 12 13 19 20 21 22 28 #UTIL: 241
1 3 7 10 11 12 13 20 21 23 24 26 28 #UTIL: 264
1 3 6 7 9 10 11 12 13 19 20 26 27 28 30 #UTIL: 372
1 2 3 6 7 8 10 11 13 14 16 17 20 23 24 25 26 27 #UTIL: 316
1 2 3 5 6 7 8 9 10 11 12 13 14 16 17 18 19 20 23 24 25 27 28 #UTIL: 406
1 2 3 5 6 7 9 10 11 12 13 14 16 17 20 23 25 26 27 #UTIL: 340
1 2 7 9 10 11 12 13 14 16 17 18 19 20 23 24 27 #UTIL: 355
1 2 3 6 7 9 11 12 13 14 17 19 20 21 22 23 24 25 26 27 #UTIL: 321
1 2 3 5 6 7 9 10 11 12 13 14 16 17 20 23 24 25 26 #UTIL: 322
1 3 6 10 11 13 19 24 26 28 29 #UTIL: 225
1 4 6 7 9 10 11 12 13 14 16 17 19 20 23 25 26 27 #UTIL: 382
1 2 3 4 5 9 10 11 12 13 14 15 17 18 19 24 25 26 27 #UTIL: 310
1 2 3 6 7 9 10 12 13 16 17 19 20 22 23 24 25 27 #UTIL: 342
1 2 3 5 6 7 8 10 11 12 13 14 16 17 18 19 20 23 24 25 27 29 #UTIL: 378
1 2 3 5 6 7 9 10 11 12 13 14 17 18 19 20 23 24 25 27 #UTIL: 376
1 10 11 12 13 19 20 26 28 29 #UTIL: 235
1 3 6 10 12 15 19 20 26 #UTIL: 201
2 3 5 6 9 10 11 12 13 14 16 17 19 20 23 25 26 27 28 #UTIL: 332
1 2 5 6 7 10 11 12 13 14 16 17 20 23 24 25 27 30 #UTIL: 336
1 3 6 10 11 13 16 19 20 22 26 28 #UTIL: 256
1 2 3 5 6 7 9 10 12 13 14 16 17 19 23 26 27 #UTIL: 339
1 6 7 10 11 12 13 14 16 17 20 24 27 29 #UTIL: 280
2 6 7 10 11 12 13 14 15 16 17 20 23 24 25 26 #UTIL: 286
1 2 5 6 9 10 11 12 13 14 16 17 19 20 23 24 25 26 27 30 #UTIL: 362
1 2 3 6 10 11 12 13 14 16 17 19 20 24 25 27 28 #UTIL: 299
1 2 3 6 7 10 11 12 13 16 17 19 20 24 25 27 28 #UTIL: 345
1 2 5 6 7 9 11 12 13 14 16 17 19 20 23 24 25 26 27 #UTIL: 327
1 2 3 5 6 7 9 10 11 12 13 16 17 19 20 23 25 27 29 #UTIL: 362
1 5 7 9 10 11 12 13 14 15 16 17 19 20 23 24 25 27 #UTIL: 365
1 2 3 5 7 8 10 11 12 14 16 17 19 20 24 25 27 30 #UTIL: 353
1 8 10 11 12 13 19 20 26 28 29 #UTIL: 241
1 2 3 5 6 7 9 10 11 12 14 16 17 20 23 24 25 27 28 #UTIL: 324
1 2 5 6 9 10 13 14 16 17 19 20 23 24 26 27 #UTIL: 293
1 2 6 7 9 10 11 13 14 16 17 19 20 23 24 26 27 #UTIL: 364
1 2 3 5 6 9 10 11 12 13 14 16 17 19 20 23 24 25 27 #UTIL: 321
1 2 3 6 10 11 12 13 16 19 22 26 28 #UTIL: 251
1 2 6 7 9 10 11 12 13 14 16 17 19 20 23 25 26 27 30 #UTIL: 403
1 2 3 6 10 11 12 13 14 16 17 19 23 24 25 27 #UTIL: 277
1 2 3 7 10 12 14 16 17 23 25 26 27 #UTIL: 242
2 3 6 7 9 10 11 12 13 14 16 17 18 20 23 24 25 27 #UTIL: 313
1 2 6 9 10 13 14 16 17 18 20 23 24 26 27 #UTIL: 244
1 2 3 5 6 7 8 10 11 12 13 14 16 17 18 19 20 22 23 24 25 27 29 #UTIL: 386
1 2 3 5 6 9 10 11 12 13 14 17 18 23 24 25 27 30 #UTIL: 278
1 2 3 5 6 7 9 10 11 13 14 15 16 17 18 19 23 24 27 #UTIL: 355
1 2 5 6 9 10 11 12 13 14 16 17 19 20 22 23 24 25 26 27 30 #UTIL: 370
1 3 6 7 8 10 11 12 13 16 17 19 20 24 27 28 30 #UTIL: 369
2 3 6 7 8 10 12 13 15 16 20 21 24 25 26 27 28 29 30 #UTIL: 309
2 6 7 9 10 13 14 16 17 19 20 21 23 24 25 26 27 #UTIL: 332
1 2 3 6 9 12 13 14 15 16 17 19 20 23 24 25 26 27 #UTIL: 249
1 2 6 7 10 11 13 14 17 19 20 24 25 30 #UTIL: 318
2 6 7 10 11 12 14 16 17 20 23 24 25 #UTIL: 243
1 2 3 5 6 7 8 10 12 13 17 18 19 20 23 24 25 27 #UTIL: 333
1 2 3 6 7 9 11 12 14 16 17 19 23 24 25 27 #UTIL: 266
1 2 3 5 6 9 11 12 16 17 19 20 23 24 26 27 30 #UTIL: 268
1 2 3 4 7 10 11 13 14 16 17 19 20 21 23 29 #UTIL: 304
1 2 3 6 7 9 10 12 13 14 16 19 20 22 23 24 25 27 #UTIL: 344
1 2 3 6 7 8 10 11 13 14 16 17 19 20 24 25 27 #UTIL: 335
1 2 3 5 6 7 9 12 13 14 16 17 19 20 23 26 27 #UTIL: 295
2 3 6 7 9 10 12 13 14 16 17 19 20 22 23 24 25 27 30 #UTIL: 364
1 2 3 5 6 9 10 12 13 14 16 17 18 19 20 23 24 25 26 27 #UTIL: 324
1 5 6 7 9 10 12 13 14 16 17 19 20 24 25 27 #UTIL: 334
1 2 3 5 6 9 10 11 12 14 16 17 18 19 20 23 24 26 27 30 #UTIL: 351
1 2 6 7 9 10 11 12 13 14 16 17 18 19 20 24 25 27 #UTIL: 361
1 10 11 12 13 15 19 20 26 28 #UTIL: 241
1 2 3 4 6 7 9 10 11 12 13 14 16 18 19 20 22 24 25 27 30 #UTIL: 401
1 2 6 7 8 9 10 13 14 16 17 19 20 23 24 25 26 27 #UTIL: 352
3 6 9 10 11 12 13 19 20 22 26 28 #UTIL: 258
1 3 6 9 10 11 12 19 22 28 #UTIL: 217
1 2 5 6 10 11 12 13 14 16 17 19 20 23 24 25 26 27 30 #UTIL: 347
1 2 6 10 11 12 13 14 16 17 19 20 23 24 27 #UTIL: 287
1 2 3 4 6 7 9 10 12 13 14 16 19 20 24 25 27 30 #UTIL: 360
1 2 5 6 10 11 12 13 14 15 16 17 19 20 23 24 25 26 27 30 #UTIL: 354
1 2 5 6 7 9 10 12 14 17 18 20 23 24 25 26 27 #UTIL: 299
2 3 6 8 10 11 12 13 16 18 24 25 26 28 29 #UTIL: 207
1 2 3 6 10 11 12 13 14 16 19 20 23 24 30 #UTIL: 286
1 5 6 7 9 10 11 12 13 14 16 17 19 20 22 23 24 25 27 #UTIL: 378
1 2 3 5 6 7 9 10 11 12 13 14 17 18 23 25 27 30 #UTIL: 328
1 3 6 7 9 10 11 12 13 19 20 28 #UTIL: 303
1 2 3 5 6 7 9 10 13 14 17 19 20 23 24 26 27 #UTIL: 343
1 2 3 5 6 7 9 10 11 12 14 15 16 17 19 20 23 24 25 26 27 #UTIL: 384
2 3 6 7 8 10 12 13 15 20 21 24 25 26 27 28 29 30 #UTIL: 299
1 2 3 7 10 11 12 13 14 16 20 23 24 25 26 27 30 #UTIL: 329
1 2 3 5 6 7 8 10 12 13 14 16 17 18 19 20 23 25 27 #UTIL: 347
1 2 3 5 6 7 9 10 11 12 14 15 16 17 19 20 23 25 27 #UTIL: 360
1 2 6 7 8 10 11 12 13 14 16 17 20 23 24 25 26 27 #UTIL: 324
1 3 5 6 7 8 9 10 11 12 14 16 17 19 20 23 24 25 26 27 #UTIL: 380
1 2 3 5 6 9 10 12 13 14 16 17 18 19 20 23 25 26 27 #UTIL: 318
1 2 3 5 6 7 9 10 12 13 14 17 19 20 23 24 27 #UTIL: 337
2 6 8 9 10 13 14 16 17 19 20 23 24 26 27 #UTIL: 275
1 2 3 5 6 9 11 12 14 16 18 19 20 23 24 25 26 27 30 #UTIL: 285
1 2 3 5 6 7 8 9 11 12 13 14 16 17 18 19 20 23 24 25 27 28 #UTIL: 342
1 2 9 10 12 13 14 16 17 19 20 24 27 28 #UTIL: 268
1 2 7 9 10 12 13 14 16 17 19 20 24 27 28 #UTIL: 324
1 2 3 6 7 8 9 10 12 13 14 16 19 20 21 23 24 25 27 #UTIL: 343
2 3 6 10 12 13 15 16 20 24 25 26 27 28 29 #UTIL: 219
2 3 6 7 9 10 12 13 14 16 17 19 20 23 24 26 27 28 30 #UTIL: 382
1 2 3 6 7 9 10 12 13 14 16 17 18 19 20 22 23 24 26 27 #UTIL: 373
2 3 6 8 9 10 11 12 13 16 20 25 27 #UTIL: 218
1 2 5 6 7 8 9 10 12 13 14 16 17 19 20 23 24 25 27 #UTIL: 355
1 5 6 7 9 10 11 12 13 14 16 17 19 20 23 24 26 27 30 #UTIL: 409
1 2 3 5 6 7 9 12 13 14 15 16 17 19 20 21 24 26 27 #UTIL: 297
1 2 3 6 7 9 11 12 13 14 16 17 19 20 23 24 25 26 #UTIL: 298
2 3 4 6 7 9 10 12 13 14 16 17 19 20 23 24 25 27 30 #UTIL: 365
1 2 3 7 10 12 13 16 17 20 23 25 26 27 #UTIL: 270
1 2 3 4 5 6 7 9 10 11 12 13 14 16 17 19 23 25 27 #UTIL: 360
1 2 3 5 6 7 9 10 11 12 14 16 17 20 23 26 27 #UTIL: 316
2 3 6 8 10 11 12 13 20 24 25 26 27 28 29 #UTIL: 232
1 2 3 5 6 9 10 11 14 16 17 19 20 23 24 25 26 27 30 #UTIL: 336
1 5 6 7 9 10 12 13 14 16 17 19 20 24 25 27 28 #UTIL: 348
1 2 3 6 7 9 12 13 14 16 17 19 20 24 25 26 27 #UTIL: 286
1 2 3 5 6 7 11 12 13 14 16 17 19 20 23 24 25 26 27 #UTIL: 316
1 3 5 6 9 11 12 13 14 16 17 19 20 23 24 25 26 27 28 #UTIL: 286
1 2 3 6 7 9 11 12 13 14 16 17 23 24 25 27 28 #UTIL: 249
1 2 3 5 6 7 9 10 11 12 13 14 16 17 18 19 20 24 25 27 29 #UTIL: 375
1 2 5 6 7 9 11 12 13 16 17 19 20 23 24 25 26 27 #UTIL: 317
1 3 6 7 8 9 10 12 13 14 16 17 19 20 23 24 25 27 30 #UTIL: 374
1 2 3 6 8 10 11 12 13 14 16 19 20 23 24 30 #UTIL: 292
1 2 6 7 9 10 12 13 14 16 17 19 20 22 23 24 25 #UTIL: 324
1 3 4 6 9 11 12 13 18 19 22 26 28 #UTIL: 207
1 3 6 7 8 10 11 12 13 16 17 20 24 27 28 30 #UTIL: 320
1 2 3 6 7 9 12 13 14 17 19 20 23 24 25 26 27 #UTIL: 288
1 2 3 6 7 10 11 12 13 14 15 16 19 20 24 27 30 #UTIL: 361
1 3 6 8 10 11 13 19 20 22 26 28 #UTIL: 252
1 2 3 6 7 9 10 11 12 13 14 16 17 18 19 20 21 23 24 25 27 #UTIL: 378
1 2 3 5 6 9 10 11 14 16 17 19 20 23 24 26 27 30 #UTIL: 330
1 2 3 6 7 10 11 12 13 14 16 17 19 24 27 30 #UTIL: 342
1 3 4 6 10 12 13 15 16 19 20 26 #UTIL: 238
1 2 3 6 7 10 12 13 14 15 16 17 20 21 25 27 #UTIL: 270
1 3 7 10 11 12 13 15 20 26 28 #UTIL: 252
1 3 10 11 12 13 15 20 26 28 #UTIL: 196
1 2 3 6 7 9 10 11 12 13 16 17 19 20 23 24 28 #UTIL: 342
2 3 5 6 8 10 13 16 18 20 21 24 25 26 27 28 29 #UTIL: 225
1 2 5 6 7 9 10 12 13 14 16 17 19 20 23 24 25 27 28 30 #UTIL: 390
1 3 6 10 11 12 13 19 24 26 28 29 #UTIL: 237
1 2 3 5 6 9 10 11 12 14 16 17 18 19 23 24 25 26 27 30 #UTIL: 337
1 2 3 6 7 9 10 11 12 13 14 16 17 18 19 20 21 23 24 25 27 29 #UTIL: 379
1 2 5 6 10 11 12 13 14 16 17 19 20 23 24 25 26 30 #UTIL: 323
1 2 3 5 6 7 10 11 12 13 14 15 16 17 18 19 20 22 23 24 25 27 29 #UTIL: 387
1 3 6 7 10 11 12 13 14 16 17 19 20 24 27 28 30 #UTIL: 373
1 2 3 4 9 10 11 12 13 14 16 17 18 19 23 24 25 27 #UTIL: 298
1 3 6 7 10 11 12 13 14 16 17 19 20 21 24 27 28 30 #UTIL: 374
1 3 6 7 9 10 11 13 19 20 26 28 #UTIL: 309
1 2 6 7 9 10 13 14 15 16 17 20 23 24 25 26 27 #UTIL: 304
1 2 3 6 7 10 12 13 14 16 17 19 20 24 25 27 29 #UTIL: 318
1 3 6 7 8 10 11 12 13 14 16 18 19 20 24 27 30 #UTIL: 366
1 2 3 7 10 11 13 14 16 17 19 20 21 23 25 29 #UTIL: 301
1 3 6 7 10 11 12 13 14 16 17 19 20 24 27 28 #UTIL: 346
1 2 3 6 7 9 10 11 12 14 16 17 20 23 24 26 27 #UTIL: 313
2 6 7 8 10 11 12 13 16 20 24 25 26 28 #UTIL: 269
1 3 6 9 10 11 12 13 22 26 28 #UTIL: 204
1 6 9 10 11 12 13 14 16 17 19 20 23 25 27 #UTIL: 299
1 2 3 5 6 7 9 10 11 12 13 14 16 17 19 20 23 25 26 27 29 #UTIL: 390
1 2 3 6 7 10 11 12 13 16 17 19 20 24 27 30 #UTIL: 352
1 2 5 6 9 10 11 12 13 14 16 17 19 20 22 24 25 26 27 30 #UTIL: 358
1 3 6 10 11 13 19 20 22 26 28 29 #UTIL: 247
1 2 3 5 6 7 9 10 12 13 14 16 17 19 23 25 27 #UTIL: 327
1 2 3 6 7 10 11 12 13 14 16 17 19 20 22 23 24 25 27 29 #UTIL: 362
1 2 3 6 9 10 11 12 13 14 16 17 19 20 22 23 24 25 #UTIL: 296
2 3 6 8 9 10 11 12 13 16 20 24 25 26 #UTIL: 218
1 2 7 10 11 12 13 14 16 17 18 20 22 23 24 25 #UTIL: 281
1 3 6 9 10 11 12 13 22 26 #UTIL: 190
1 2 3 5 6 7 10 11 12 13 14 16 17 19 20 23 24 26 29 #UTIL: 351
2 3 6 8 10 12 13 20 24 25 26 27 #UTIL: 193
1 3 6 7 8 10 11 12 13 14 16 17 19 20 22 24 27 28 30 #UTIL: 387
1 3 6 7 10 12 13 19 20 26 28 #UTIL: 282
2 3 6 7 9 10 12 13 14 16 17 19 20 22 23 24 27 30 #UTIL: 358
2 3 6 7 10 11 12 13 14 16 17 19 20 24 27 30 #UTIL: 347
1 2 3 6 7 10 12 13 14 16 17 19 20 21 22 23 24 25 #UTIL: 314
1 2 3 6 9 10 11 12 13 14 16 17 19 20 21 23 24 25 #UTIL: 289
1 2 3 5 6 7 9 10 12 13 14 17 18 19 20 23 24 25 29 #UTIL: 329
1 2 6 7 9 10 11 12 13 14 16 17 18 19 20 23 24 27 #UTIL: 367
2 6 10 11 12 13 14 16 17 19 20 23 24 27 #UTIL: 272
2 3 6 7 10 11 12 13 16 20 22 24 25 26 28 #UTIL: 275
1 2 6 7 10 13 14 15 16 17 19 20 23 24 25 26 27 #UTIL: 338
1 2 3 5 7 10 11 12 13 14 16 17 19 20 23 24 26 29 #UTIL: 339
1 2 3 6 9 13 14 15 16 17 19 20 23 24 25 26 27 #UTIL: 237
2 3 6 7 9 10 12 13 16 17 19 20 22 23 24 25 27 #UTIL: 327
2 3 6 10 11 12 13 16 20 24 25 26 27 28 #UTIL: 235
1 2 3 6 7 10 11 13 14 16 19 20 24 25 27 28 30 #UTIL: 362
1 2 3 6 7 9 10 12 13 14 16 20 22 23 24 25 27 #UTIL: 295
1 3 6 8 10 11 13 19 20 24 26 28 #UTIL: 250
1 2 6 7 9 13 14 16 17 20 23 24 25 27 29 #UTIL: 216
2 3 6 8 9 10 11 12 13 16 20 24 25 26 27 #UTIL: 242
1 2 3 4 6 7 9 10 11 12 13 14 16 19 20 24 25 30 #UTIL: 360
1 3 5 6 9 10 12 13 14 16 17 19 20 23 25 26 27 28 30 #UTIL: 347
1 2 3 6 7 10 11 13 14 16 17 19 20 24 27 #UTIL: 323
1 2 5 6 7 8 9 11 12 13 16 17 19 23 24 25 26 27 #UTIL: 303
3 6 9 10 11 12 13 19 20 26 28 30 #UTIL: 277
2 6 10 11 12 13 14 16 17 20 23 24 27 #UTIL: 223
1 2 6 9 10 13 14 17 19 20 23 24 26 27 #UTIL: 274
1 2 3 5 6 7 8 10 12 13 14 15 17 18 19 20 23 24 25 27 #UTIL: 350
1 2 3 5 6 9 11 12 13 14 16 17 19 20 23 24 25 26 27 #UTIL: 275
2 3 5 6 7 8 10 11 12 13 16 18 24 25 26 27 #UTIL: 281
1 2 6 7 9 10 13 14 16 17 19 23 24 26 27 #UTIL: 320
1 2 3 6 7 10 12 13 14 16 17 20 24 25 27 28 #UTIL: 282
1 2 3 6 7 8 11 12 13 14 16 17 20 23 25 26 27 30 #UTIL: 285
1 2 5 6 7 8 9 10 11 12 13 14 15 16 17 20 23 24 25 26 27 30 #UTIL: 382
3 6 10 11 12 20 24 25 26 27 29 #UTIL: 191
1 2 3 6 7 10 11 12 13 14 16 17 20 23 29 #UTIL: 269
1 2 3 5 6 7 9 10 11 12 14 15 17 19 20 23 24 25 26 27 #UTIL: 374
1 3 5 6 8 10 11 12 13 19 20 22 25 26 #UTIL: 265
1 2 3 5 6 9 10 11 12 14 16 17 19 20 23 24 26 27 #UTIL: 315
1 2 6 7 9 10 11 12 13 14 16 17 19 20 21 23 24 26 27 29 #UTIL: 378
1 2 5 6 7 10 11 12 13 14 16 17 20 23 24 27 30 #UTIL: 330
1 2 5 6 7 9 10 12 13 14 16 17 18 19 20 23 25 27 #UTIL: 352
1 3 10 11 12 13 19 20 25 26 28 #UTIL: 244
1 2 3 5 6 7 8 10 12 13 14 15 17 18 19 20 23 24 27 #UTIL: 344
1 2 3 6 7 10 11 12 14 16 19 20 24 26 27 30 #UTIL: 354
2 3 6 10 12 13 15 16 20 24 25 27 28 29 #UTIL: 201
2 3 6 8 10 11 12 13 20 22 24 25 26 27 28 #UTIL: 239
1 2 3 6 9 11 12 13 19 20 25 26 28 #UTIL: 210
1 2 3 4 6 7 9 10 11 13 14 15 16 17 18 19 23 24 27 #UTIL: 355
1 2 3 6 7 10 11 12 13 14 17 20 23 24 25 26 28 30 #UTIL: 329
1 5 6 7 9 10 12 13 14 16 17 19 20 23 24 27 29 #UTIL: 341
1 2 3 5 6 7 10 11 12 14 16 17 19 20 24 25 26 27 #UTIL: 350
1 2 5 6 7 9 11 12 14 16 17 19 20 23 24 25 26 27 28 30 #UTIL: 350
1 2 3 6 7 9 10 11 12 13 14 16 19 20 23 24 25 26 27 #UTIL: 378
1 3 6 10 11 12 13 18 19 20 21 26 28 #UTIL: 260
1 2 3 5 6 7 8 9 10 11 12 13 14 15 16 17 18 19 20 23 24 25 26 27 #UTIL: 417
1 2 3 6 7 10 11 12 13 14 15 16 19 20 23 24 #UTIL: 322
1 2 3 6 7 9 10 11 12 13 14 17 20 23 25 27 #UTIL: 303
2 6 7 10 11 12 14 16 17 20 23 24 25 26 #UTIL: 261
1 2 3 6 7 8 10 11 13 16 20 22 24 25 26 27 28 #UTIL: 308
1 3 6 7 8 10 12 13 14 16 17 19 20 21 22 27 30 #UTIL: 344
1 2 5 6 7 8 9 10 11 12 13 14 15 17 20 23 24 25 26 27 30 #UTIL: 372
2 3 6 7 9 10 11 13 14 17 19 20 23 24 25 26 27 #UTIL: 349
1 2 6 7 9 10 11 13 14 16 17 19 20 23 25 26 27 28 #UTIL: 378
1 4 6 7 9 10 11 12 13 14 16 17 19 20 23 24 25 26 27 #UTIL: 388
1 2 3 4 5 6 7 10 11 12 13 16 17 19 20 23 24 28 #UTIL: 345
1 2 3 6 7 9 10 11 12 16 17 19 20 23 24 28 #UTIL: 324
1 3 6 7 8 10 11 12 13 14 15 16 17 19 20 24 27 30 #UTIL: 372
1 2 7 9 10 11 12 13 14 16 18 19 20 23 24 25 27 #UTIL: 353
1 2 3 6 7 10 13 14 15 16 17 20 21 25 27 #UTIL: 258
1 2 3 6 9 11 12 13 14 16 17 19 20 23 24 25 26 27 28 #UTIL: 280
1 2 3 6 7 10 11 12 13 14 16 19 20 22 25 27 30 #UTIL: 362
1 2 5 6 10 11 12 13 14 16 17 19 20 21 23 24 25 26 30 #UTIL: 324
1 2 6 7 10 11 13 14 17 19 24 25 30 #UTIL: 298
1 3 5 6 9 10 12 13 14 16 17 19 20 23 25 26 27 28 #UTIL: 320
1 2 3 5 6 7 9 10 12 13 14 16 18 19 20 23 25 27 #UTIL: 348
1 2 6 10 11 12 13 14 16 19 20 24 25 27 30 #UTIL: 300
1 3 7 9 10 11 13 17 19 20 26 28 #UTIL: 305
3 8 10 12 16 18 20 21 24 25 26 27 29 #UTIL: 181
1 3 6 7 9 10 11 12 13 19 20 21 26 28 #UTIL: 322
1 2 3 5 6 7 9 10 11 13 14 16 17 19 20 23 24 25 27 30 #UTIL: 392
1 2 3 6 7 10 11 12 13 14 16 19 20 23 30 #UTIL: 336
2 6 9 10 11 12 13 14 15 16 17 19 20 23 24 27 #UTIL: 294
1 2 3 5 6 9 10 12 13 14 16 17 18 19 20 21 23 24 25 26 27 #UTIL: 325
1 2 3 4 5 9 10 11 12 13 14 15 17 18 19 22 23 24 25 27 #UTIL: 312
1 2 3 6 7 10 11 12 13 14 17 20 23 24 25 27 28 #UTIL: 308
1 2 5 6 7 9 10 11 12 13 14 16 17 18 19 20 23 24 25 27 #UTIL: 382
2 8 9 10 13 14 16 17 19 20 23 24 26 27 #UTIL: 263
1 3 6 7 9 10 12 13 14 16 17 19 20 22 23 24 26 27 #UTIL: 361
1 2 3 5 6 7 8 10 11 12 13 14 16 17 18 19 20 21 22 23 24 25 27 29 #UTIL: 387
1 3 4 6 7 9 10 11 12 13 19 20 26 28 #UTIL: 330
2 3 6 7 8 9 10 11 12 13 14 16 20 25 26 27 #UTIL: 302
1 6 7 9 10 11 12 13 17 19 20 26 28 #UTIL: 325
1 2 3 4 5 6 7 9 12 13 14 16 17 19 20 23 25 27 #UTIL: 292
1 2 3 6 7 10 12 13 14 16 17 19 20 23 24 25 30 #UTIL: 332
1 2 5 6 7 8 9 10 11 12 13 14 15 16 17 19 20 22 23 24 25 26 27 #UTIL: 412
1 2 3 6 7 10 11 12 16 17 19 20 23 24 25 27 #UTIL: 325
1 2 3 6 7 10 11 14 16 19 20 24 25 27 28 30 #UTIL: 344
1 6 7 9 10 11 12 13 16 17 19 20 23 25 26 27 28 #UTIL: 377
1 2 3 6 7 9 11 12 13 14 16 17 20 23 25 26 27 #UTIL: 267
1 6 9 10 11 12 19 22 25 26 28 #UTIL: 237
1 2 7 9 11 12 13 14 16 17 18 19 20 23 24 25 27 #UTIL: 297
2 3 6 7 9 10 12 13 14 16 17 19 20 23 24 25 26 27 28 30 #UTIL: 388
1 5 6 7 9 10 11 12 13 14 15 16 17 19 20 23 24 26 27 30 #UTIL: 416
1 2 5 6 7 9 10 11 12 13 16 17 19 20 23 24 26 27 30 #UTIL: 402
1 2 3 6 7 10 11 13 14 17 20 24 25 30 #UTIL: 273
1 2 5 6 10 11 13 14 16 17 19 20 21 23 24 25 26 30 #UTIL: 312
1 2 3 5 6 7 9 10 12 13 14 16 17 19 20 22 23 24 25 26 27 28 #UTIL: 393
1 2 3 5 6 7 9 10 12 13 14 16 19 20 22 23 24 25 27 #UTIL: 353
1 2 3 5 6 7 9 10 11 13 14 15 16 17 18 19 21 24 25 27 #UTIL: 350
2 3 6 8 10 13 16 18 20 21 24 25 26 28 29 #UTIL: 192
1 2 3 6 7 8 10 11 12 14 16 17 19 20 24 25 27 #UTIL: 329
2 3 8 10 11 12 13 15 16 18 20 21 24 25 26 27 #UTIL: 232
2 6 7 10 11 12 13 14 15 16 17 20 23 24 25 27 #UTIL: 292
1 2 6 7 9 10 11 12 14 16 17 19 20 24 27 29 #UTIL: 329
2 3 6 7 9 10 12 13 14 15 16 17 19 20 23 24 25 27 #UTIL: 336
1 2 3 5 6 10 11 12 13 14 16 17 20 23 24 25 26 27 #UTIL: 275
1 2 5 6 10 11 13 14 16 17 19 20 21 23 24 26 30 #UTIL: 306
3 5 6 7 9 10 11 12 13 14 16 17 20 23 24 25 26 27 29 #UTIL: 329
3 6 9 10 11 13 15 19 20 26 28 #UTIL: 245
1 2 3 5 6 7 8 10 12 13 14 16 17 18 19 20 22 23 25 27 #UTIL: 355
1 2 5 6 7 9 10 12 13 14 16 19 20 23 24 25 26 27 #UTIL: 359
1 2 3 7 10 12 13 14 16 17 20 23 24 25 27 #UTIL: 268
1 2 5 6 7 10 11 13 14 16 17 19 20 23 24 25 27 #UTIL: 346
2 3 6 8 10 11 12 13 15 16 19 25 26 27 #UTIL: 257
1 2 5 6 7 9 10 11 12 13 14 16 17 20 23 24 25 27 28 #UTIL: 338
1 2 4 5 6 7 10 11 12 13 16 17 19 20 23 24 #UTIL: 327
1 2 3 7 10 12 13 14 16 17 19 20 23 24 25 26 27 #UTIL: 335
1 3 6 8 10 11 12 13 16 19 20 22 26 28 #UTIL: 274
1 2 5 6 7 9 10 11 12 13 16 17 19 20 23 24 26 27 29 30 #UTIL: 403
1 5 6 7 9 10 11 12 13 14 16 17 18 19 20 23 24 25 27 #UTIL: 379
1 3 10 11 13 16 19 20 22 26 28 #UTIL: 244
1 2 3 5 6 9 11 12 14 16 18 19 20 23 25 26 27 30 #UTIL: 279
1 2 3 5 6 7 9 10 11 12 13 14 18 19 20 23 24 25 27 29 #UTIL: 369
1 2 6 7 9 10 12 13 14 16 17 19 20 22 24 25 #UTIL: 312
1 2 4 5 6 7 9 10 12 14 17 18 20 23 24 25 26 27 #UTIL: 308
1 2 3 4 6 7 9 10 12 13 14 15 16 19 20 24 25 27 30 #UTIL: 367
1 6 7 9 10 11 12 13 14 16 17 19 20 23 25 26 27 30 #UTIL: 400
2 3 5 6 7 8 10 12 13 14 17 18 19 20 23 24 25 27 #UTIL: 328
1 2 3 6 7 8 10 11 12 14 16 17 20 23 25 26 27 30 #UTIL: 331
1 2 3 6 7 8 10 11 12 13 16 17 19 20 24 27 30 #UTIL: 358
1 3 6 7 8 10 11 12 13 14 16 17 19 20 21 22 24 25 27 30 #UTIL: 380
1 3 4 6 7 9 10 12 13 14 16 19 20 24 25 27 30 #UTIL: 357
3 6 9 10 11 13 15 19 26 28 #UTIL: 225
1 2 3 6 9 10 12 13 14 17 19 24 25 27 #UTIL: 246
1 3 6 7 11 12 13 14 16 20 22 23 24 25 27 #UTIL: 237
1 2 3 6 7 10 13 14 16 17 19 20 24 25 27 #UTIL: 305
1 3 6 7 9 10 11 12 13 14 19 20 26 28 #UTIL: 331
1 2 6 7 9 10 11 13 14 16 17 19 20 23 24 26 #UTIL: 340
1 2 3 5 6 7 9 11 12 14 16 17 20 22 23 24 25 26 27 28 #UTIL: 286
1 3 6 7 10 11 12 13 14 16 17 19 24 27 30 #UTIL: 339
1 2 3 6 7 9 13 14 16 17 19 20 23 24 25 26 27 #UTIL: 286
1 3 6 10 11 13 19 23 24 26 28 29 #UTIL: 237
1 2 3 6 10 11 12 13 16 17 19 22 26 28 #UTIL: 259
1 2 5 6 7 9 10 11 13 14 16 17 19 20 23 24 25 27 30 #UTIL: 388
2 3 6 7 10 11 12 13 14 16 17 19 20 23 24 25 27 28 #UTIL: 352
1 2 3 6 7 9 10 11 12 13 14 15 16 17 18 19 20 22 23 24 25 27 29 #UTIL: 393
1 2 3 8 10 11 12 13 14 16 19 20 23 24 30 #UTIL: 280
2 3 6 7 10 11 12 13 14 15 16 17 19 20 24 27 30 #UTIL: 354
2 6 7 10 11 12 13 14 15 16 17 19 20 24 27 30 #UTIL: 350
1 2 3 5 6 7 9 10 11 12 14 15 16 17 18 19 20 22 23 24 25 27 29 #UTIL: 384
1 3 10 11 13 16 19 20 26 28 #UTIL: 236
2 3 6 8 10 11 12 13 16 20 25 26 27 28 29 30 #UTIL: 263
1 3 5 6 7 9 10 11 12 13 14 16 17 18 19 24 25 27 #UTIL: 351
1 2 3 5 6 9 10 11 13 14 16 17 19 20 23 25 26 27 #UTIL: 321
1 2 3 8 10 11 12 13 14 16 19 20 23 24 25 30 #UTIL: 286
1 2 3 6 7 10 12 13 14 17 19 20 24 25 27 #UTIL: 307
1 2 5 6 7 9 11 12 13 14 16 17 20 23 24 25 27 28 #UTIL: 274
1 2 3 6 9 10 11 12 13 14 16 19 20 21 23 24 25 27 #UTIL: 305
1 2 3 5 6 7 9 10 11 13 14 16 17 18 19 24 25 27 #UTIL: 342
2 3 6 7 10 11 12 13 16 17 19 20 22 23 24 #UTIL: 306
1 2 3 5 6 7 9 10 11 13 16 17 18 19 20 23 24 25 27 #UTIL: 364
1 2 3 5 6 9 10 11 12 13 14 16 17 19 20 23 24 26 27 30 #UTIL: 360
1 2 6 7 10 11 12 14 16 17 19 20 23 24 27 29 #UTIL: 326
1 2 5 6 7 9 10 11 13 14 16 19 20 23 24 25 27 30 #UTIL: 380
1 2 3 7 10 11 12 13 14 16 20 23 25 26 27 30 #UTIL: 323
1 3 5 6 9 11 12 14 16 17 19 20 23 24 25 26 27 28 #UTIL: 268
1 2 3 6 7 9 10 12 13 14 17 19 20 22 23 24 27 #UTIL: 336
1 2 5 6 7 9 12 13 14 16 19 20 23 24 25 26 27 #UTIL: 295
1 2 6 7 10 11 13 14 16 17 20 23 24 25 27 30 #UTIL: 315
1 2 3 5 6 9 11 12 14 16 17 19 20 23 24 26 27 #UTIL: 251
2 3 6 7 8 10 12 13 15 21 24 25 26 27 28 29 30 #UTIL: 279
1 2 3 6 7 9 10 11 12 13 14 16 17 19 20 22 23 24 26 27 #UTIL: 388
1 6 7 9 10 13 14 16 18 19 20 23 24 25 27 #UTIL: 326
1 2 6 9 10 13 14 16 17 19 20 21 23 24 26 #UTIL: 261
1 3 6 7 11 12 13 16 17 20 22 23 24 25 27 #UTIL: 235
1 3 6 7 10 11 12 13 20 21 28 #UTIL: 240
1 3 4 6 10 11 12 13 15 19 20 28 #UTIL: 248
1 2 3 6 7 9 10 13 14 17 19 20 23 24 25 26 27 #UTIL: 340
1 2 3 5 6 7 8 9 10 12 13 16 17 18 19 20 23 24 25 27 #UTIL: 358
1 5 6 7 9 11 12 14 16 17 19 20 23 24 25 26 27 28 30 #UTIL: 347
1 2 3 6 7 9 12 13 14 17 19 20 23 24 25 26 27 28 #UTIL: 302
1 2 6 9 10 11 13 14 16 17 19 20 23 24 25 27 #UTIL: 296
1 2 7 9 10 11 12 13 14 16 17 18 19 20 23 24 25 27 30 #UTIL: 388
1 2 3 7 10 11 14 16 19 20 24 25 27 28 30 #UTIL: 332
3 6 7 8 10 11 12 13 14 16 17 18 19 20 24 27 29 30 #UTIL: 360
2 3 6 8 10 13 16 18 20 21 24 26 28 29 #UTIL: 186
1 4 5 6 7 9 10 11 12 13 14 16 17 19 20 24 25 27 #UTIL: 367
6 7 9 10 13 14 16 17 19 20 23 24 25 26 27 #UTIL: 328
1 2 6 7 9 10 11 13 14 16 17 18 19 20 23 24 25 26 27 #UTIL: 379
1 3 6 7 9 10 11 12 13 17 19 20 26 #UTIL: 315
1 3 6 7 9 10 11 13 20 26 28 #UTIL: 260
1 2 5 6 7 8 9 10 11 13 14 15 16 17 18 19 23 24 25 27 30 #UTIL: 390
2 6 9 10 13 14 16 17 19 20 22 23 24 26 27 #UTIL: 277
1 2 4 5 6 10 11 12 13 14 15 16 17 19 20 23 24 25 26 27 30 #UTIL: 363
3 6 8 10 11 12 13 18 20 24 25 26 27 #UTIL: 223
3 6 8 9 10 11 12 13 18 20 24 25 26 27 #UTIL: 238
1 2 3 5 6 9 10 12 14 16 17 19 20 23 24 25 27 #UTIL: 279
1 2 3 5 6 9 10 12 14 16 17 19 20 24 25 27 #UTIL: 267
3 6 7 8 9 10 12 13 14 16 17 19 20 23 24 25 27 30 #UTIL: 359
1 2 3 5 6 9 10 11 12 14 16 17 19 23 24 25 26 27 30 #UTIL: 328
1 2 3 5 6 7 9 10 12 13 14 16 17 19 20 22 23 25 26 27 28 #UTIL: 387
2 3 6 7 9 10 11 12 13 16 17 18 20 23 24 25 27 #UTIL: 303
2 6 7 10 11 12 13 14 16 17 20 23 24 25 29 #UTIL: 262
1 3 6 7 8 10 12 13 14 16 17 19 20 21 24 27 30 #UTIL: 342
1 2 3 6 7 10 11 12 13 14 16 19 20 23 24 25 27 29 #UTIL: 346
1 2 4 5 6 7 9 10 12 14 16 17 19 23 24 25 27 28 #UTIL: 334
1 2 3 5 6 7 9 12 13 14 15 16 17 19 20 24 26 27 29 #UTIL: 297
1 2 3 6 10 12 13 16 17 20 24 25 27 29 #UTIL: 203
2 3 6 7 8 10 12 13 15 16 21 24 25 26 27 28 29 30 #UTIL: 289
2 3 6 7 8 12 13 15 16 21 24 25 26 27 28 29 30 #UTIL: 225
1 2 3 6 7 8 9 11 12 13 14 16 17 18 19 20 23 24 25 27 28 #UTIL: 333
1 5 6 7 9 10 11 12 13 14 15 16 17 18 19 20 23 24 26 27 30 #UTIL: 425
1 5 6 9 10 11 12 13 14 15 16 17 19 20 23 24 26 27 30 #UTIL: 360
1 2 3 6 10 11 12 13 14 16 17 19 20 23 24 25 27 28 #UTIL: 311
2 3 6 8 10 12 13 15 16 20 24 25 26 27 28 29 #UTIL: 225
1 2 3 6 7 9 10 12 13 14 16 17 19 20 23 26 27 28 #UTIL: 364
3 6 8 10 11 12 18 20 24 25 26 27 29 #UTIL: 206
1 2 3 5 6 7 8 9 10 11 12 13 14 15 16 17 19 20 21 23 24 25 26 27 #UTIL: 409
1 2 3 6 7 9 10 12 14 16 17 19 20 24 25 27 #UTIL: 314
2 6 9 10 13 14 16 17 18 20 23 24 26 27 #UTIL: 229
1 2 6 7 9 11 12 13 16 17 19 20 23 24 25 26 27 #UTIL: 308
1 3 5 6 11 12 13 15 17 19 20 26 28 30 #UTIL: 237
2 3 10 16 18 20 21 25 26 27 29 #UTIL: 160
1 2 3 5 6 7 9 10 11 13 14 16 17 18 19 20 24 25 26 27 #UTIL: 380
1 2 5 6 7 9 10 11 12 13 14 16 17 20 23 24 25 26 #UTIL: 318
2 3 6 7 8 12 13 15 16 19 21 24 25 26 27 28 29 30 #UTIL: 274
1 2 3 5 6 7 9 10 11 12 13 16 17 20 23 24 25 26 #UTIL: 312
1 3 6 10 11 12 13 14 19 20 26 28 29 #UTIL: 261
1 2 3 5 6 7 12 13 14 15 16 17 18 19 20 23 24 25 27 #UTIL: 290
1 2 3 5 7 9 12 13 14 16 17 19 20 23 26 27 #UTIL: 283
2 3 6 9 11 12 13 19 20 25 26 28 #UTIL: 195
2 3 6 8 10 11 12 13 16 17 22 25 26 28 29 #UTIL: 208
1 2 3 6 7 11 12 13 14 16 17 19 24 27 30 #UTIL: 278
1 2 3 10 11 12 13 14 16 20 23 24 25 26 27 30 #UTIL: 273
1 2 6 7 9 10 11 12 13 14 16 17 20 23 25 26 27 #UTIL: 327
1 2 3 6 7 8 10 13 16 20 22 24 25 26 27 28 #UTIL: 284
1 2 3 6 7 9 10 12 13 14 16 17 19 20 22 23 24 25 27 30 #UTIL: 379
1 3 6 10 12 13 19 20 26 27 28 29 #UTIL: 251
1 2 3 7 10 12 13 14 17 19 20 23 24 25 26 27 #UTIL: 325
1 2 3 5 6 7 9 10 11 13 14 15 16 17 18 19 23 24 25 27 28 30 #UTIL: 402
1 2 3 5 6 7 9 11 12 14 16 17 20 23 26 27 #UTIL: 252
1 2 3 4 6 7 9 10 11 12 13 14 16 17 18 19 20 21 23 24 25 27 29 #UTIL: 388
1 2 3 6 7 8 10 11 12 13 16 17 20 24 25 27 29 #UTIL: 289
1 2 5 6 9 10 11 12 14 16 17 18 19 23 24 25 26 27 30 #UTIL: 333
1 2 4 5 6 11 12 13 14 15 16 17 19 20 23 24 25 26 27 30 #UTIL: 299
1 2 3 6 9 10 12 13 14 16 17 19 20 23 24 26 27 28 30 #UTIL: 341
2 6 8 9 10 11 12 13 16 20 24 25 26 #UTIL: 214
1 2 3 6 7 9 11 12 13 14 16 19 20 23 24 25 26 27 #UTIL: 314
2 3 5 6 7 10 11 12 13 14 16 17 20 23 24 25 26 27 29 #UTIL: 317
1 2 3 9 10 12 13 14 17 19 20 21 24 25 27 #UTIL: 255
1 2 3 5 6 7 9 10 11 12 13 14 17 18 19 20 23 24 25 26 27 #UTIL: 394
2 3 6 8 10 12 13 16 18 19 20 21 24 26 27 28 29 #UTIL: 271
2 3 6 7 10 11 13 14 15 16 19 20 24 25 27 28 30 #UTIL: 354
1 2 3 6 7 9 10 11 12 13 14 15 16 17 18 19 20 22 23 24 27 29 #UTIL: 387
1 2 3 5 6 7 9 10 11 12 13 14 15 16 17 18 19 23 24 25 27 28 30 #UTIL: 414
1 2 3 7 8 10 11 12 13 16 20 24 25 26 28 #UTIL: 276
1 6 7 10 11 12 13 14 16 17 20 22 24 25 27 29 #UTIL: 294
1 2 3 4 5 6 7 9 10 11 12 13 14 16 17 20 23 24 25 27 28 #UTIL: 351
1 2 3 5 6 7 9 12 13 14 15 16 17 20 23 24 26 27 #UTIL: 259
1 2 5 6 7 10 12 13 14 16 17 19 20 23 24 25 27 #UTIL: 334
1 2 5 6 10 11 13 14 16 17 19 21 23 24 26 30 #UTIL: 286
1 2 3 5 6 7 9 10 11 12 14 16 17 18 19 20 22 23 24 25 27 29 #UTIL: 377
1 2 3 6 7 10 12 13 14 16 17 20 21 22 23 24 25 26 27 #UTIL: 307
1 2 4 5 6 11 12 13 14 15 16 17 19 20 23 24 25 26 27 #UTIL: 272
1 2 3 6 7 9 11 12 13 14 16 19 20 23 24 25 26 #UTIL: 290
1 2 5 6 7 8 10 12 13 14 16 17 18 19 20 23 25 27 #UTIL: 343
1 3 6 10 12 19 20 26 #UTIL: 194
1 2 3 6 7 9 10 11 13 14 15 16 19 20 24 25 27 28 30 #UTIL: 384
1 2 5 6 7 8 10 12 13 14 16 17 18 19 20 25 27 #UTIL: 331
1 2 4 7 10 11 12 13 14 16 17 18 20 22 23 24 25 #UTIL: 290
1 3 6 7 12 13 19 20 26 28 #UTIL: 218
1 5 7 9 10 11 12 13 14 15 16 17 20 23 24 25 27 #UTIL: 316
1 2 6 7 9 10 12 13 14 16 19 20 23 24 27 #UTIL: 326
1 2 5 6 7 9 10 11 13 14 17 19 20 23 24 25 27 #UTIL: 351
1 2 3 4 5 9 10 11 12 13 14 17 18 23 24 25 27 30 #UTIL: 275
1 2 3 5 6 7 9 10 11 12 13 14 18 19 20 23 24 27 29 #UTIL: 363
1 3 6 7 8 10 11 12 13 14 16 17 18 19 20 24 27 29 #UTIL: 348
1 2 9 10 12 13 14 17 19 20 24 27 28 #UTIL: 258
1 2 6 7 9 10 12 13 16 17 19 20 22 24 25 #UTIL: 302
1 3 6 9 10 12 19 22 26 28 #UTIL: 211
1 2 3 5 7 8 9 10 11 12 13 14 15 16 17 19 20 23 24 25 26 27 #UTIL: 396
2 3 8 10 11 12 13 15 16 20 21 23 24 25 26 27 #UTIL: 235
1 3 6 7 9 10 11 12 13 14 16 17 20 24 27 #UTIL: 298
3 6 9 10 11 12 13 16 19 20 26 28 30 #UTIL: 287
2 3 6 8 10 11 12 16 20 22 24 26 27 #UTIL: 211
1 2 6 7 9 10 11 12 13 14 15 16 17 18 19 20 23 24 25 27 #UTIL: 380
1 3 6 7 9 10 12 13 14 17 19 20 22 23 24 25 27 #UTIL: 339
1 6 7 9 10 13 14 15 16 17 19 20 23 24 25 27 #UTIL: 332
1 2 3 5 6 9 10 11 12 14 16 17 19 23 24 26 27 30 #UTIL: 322
1 3 5 6 9 10 11 12 14 16 17 19 23 24 26 27 30 #UTIL: 319
1 3 6 7 11 12 13 19 20 21 22 26 28 #UTIL: 251
1 2 3 5 6 7 9 11 12 13 14 16 17 19 20 23 25 26 27 29 #UTIL: 326
2 3 6 8 10 11 12 13 16 17 18 22 24 25 26 28 29 #UTIL: 223
1 2 6 7 10 11 13 14 15 17 19 24 25 30 #UTIL: 305
1 2 6 7 9 10 11 12 13 14 15 16 17 19 20 21 23 24 26 27 #UTIL: 384
1 2 3 6 7 10 11 12 13 14 15 16 19 20 24 25 27 28 30 #UTIL: 381
1 2 3 6 7 10 11 12 13 14 16 17 20 22 23 24 26 27 #UTIL: 324
3 6 8 9 10 11 12 13 17 20 24 25 26 27 29 30 #UTIL: 265
1 3 10 11 12 13 19 20 21 22 28 #UTIL: 229
1 2 5 6 7 10 11 12 13 14 15 16 17 18 19 23 24 25 27 #UTIL: 354
1 2 3 6 7 8 10 11 12 13 14 16 17 19 20 21 24 25 27 30 #UTIL: 375
1 2 3 5 6 7 9 10 11 12 14 16 17 19 20 23 27 30 #UTIL: 374
2 3 6 8 10 11 12 13 16 23 24 25 26 28 29 #UTIL: 210
1 2 6 7 9 10 11 12 13 14 16 17 18 19 20 23 27 #UTIL: 361
1 3 4 6 10 11 12 19 20 26 27 28 29 #UTIL: 266
1 2 3 4 6 7 8 10 11 12 13 14 16 19 20 24 25 27 30 #UTIL: 375
1 2 3 7 10 12 14 16 17 21 23 24 25 26 27 #UTIL: 249
2 3 5 7 9 10 11 13 14 15 16 17 18 19 23 24 25 27 28 #UTIL: 348
1 2 3 4 7 10 11 12 13 14 16 20 23 25 26 27 30 #UTIL: 332
1 2 5 6 7 10 11 12 13 16 17 19 20 23 24 26 27 30 #UTIL: 387
1 3 6 7 10 11 12 13 14 16 17 19 20 23 24 25 #UTIL: 326
1 2 3 6 7 10 11 12 13 14 17 20 22 23 24 25 27 30 #UTIL: 329
1 3 6 7 8 10 11 12 13 16 17 20 24 28 30 #UTIL: 296
1 3 6 7 10 11 12 13 14 16 19 20 24 30 #UTIL: 327
2 3 6 10 12 13 20 24 25 26 28 29 #UTIL: 178
1 2 3 4 5 6 9 10 12 13 14 16 17 19 20 23 24 25 26 27 28 30 #UTIL: 365
1 3 6 7 8 10 11 12 13 19 20 21 26 28 #UTIL: 313
1 2 3 6 9 11 12 13 20 22 26 28 #UTIL: 163
1 3 6 10 11 13 19 24 26 28 #UTIL: 224
1 5 7 9 10 11 12 13 14 15 16 17 19 23 24 25 27 #UTIL: 345
1 2 9 10 12 13 14 16 17 19 20 23 24 26 27 28 #UTIL: 298
1 3 6 9 10 11 12 19 22 23 25 26 28 #UTIL: 253
1 6 7 9 10 11 12 13 16 17 19 20 23 25 27 28 #UTIL: 359
1 6 7 9 10 13 14 15 16 17 18 19 20 23 24 25 27 #UTIL: 341
1 2 3 5 6 8 10 11 12 13 14 16 17 20 23 24 25 26 27 #UTIL: 281
1 2 3 5 6 9 10 12 13 14 17 18 19 23 24 25 27 #UTIL: 276
1 3 5 9 11 12 14 16 17 19 20 23 24 25 26 27 28 #UTIL: 256
1 2 3 6 7 9 10 11 12 13 14 17 20 23 24 25 27 28 #UTIL: 323
1 2 6 7 9 11 12 13 14 16 17 18 19 20 23 24 25 26 27 #UTIL: 327
1 2 3 5 6 7 9 10 12 13 16 17 19 20 23 25 27 #UTIL: 337
1 2 3 4 5 9 10 11 12 13 14 16 17 18 23 24 25 27 30 #UTIL: 285
2 3 5 6 8 10 13 15 16 18 20 21 24 25 26 27 28 29 #UTIL: 232
3 5 6 7 8 9 10 11 12 14 16 17 19 20 23 24 25 26 27 #UTIL: 365
1 2 3 4 5 9 10 11 12 13 16 17 18 23 24 25 27 30 #UTIL: 275
1 2 3 7 10 11 13 14 16 17 18 19 20 21 23 29 #UTIL: 304
1 3 6 7 10 11 12 13 19 20 26 27 28 30 #UTIL: 357
3 5 6 7 8 9 10 11 12 14 16 19 20 23 24 25 26 27 #UTIL: 357
1 2 3 6 7 9 10 13 14 15 16 17 19 20 22 23 24 27 #UTIL: 341
1 2 3 5 6 10 12 13 14 16 17 20 24 25 27 29 #UTIL: 222
1 3 4 6 7 9 10 11 12 13 14 16 17 18 19 20 21 23 24 25 27 29 #UTIL: 385
1 3 4 6 7 9 10 11 12 13 14 16 17 19 20 21 23 24 25 27 29 #UTIL: 376
1 2 3 6 7 9 10 11 12 13 14 15 16 17 18 19 20 22 23 24 25 29 #UTIL: 369
1 2 6 7 9 10 11 12 13 14 17 19 20 23 24 25 27 #UTIL: 354
1 2 4 5 6 7 9 10 12 13 14 16 19 23 24 25 27 28 #UTIL: 344
1 2 3 5 9 10 11 13 14 16 17 19 20 23 24 25 26 27 #UTIL: 315
2 3 6 7 9 10 11 13 14 19 20 23 24 25 26 27 #UTIL: 341
1 2 3 7 10 11 12 13 14 16 19 20 23 30 #UTIL: 324
2 3 6 7 8 10 11 12 16 20 22 24 25 26 27 28 #UTIL: 287
1 2 5 6 7 10 12 13 14 16 17 19 20 23 24 25 #UTIL: 310
1 2 3 6 9 10 11 12 13 14 16 17 19 20 21 24 25 #UTIL: 277
1 3 10 11 12 13 16 19 20 26 28 30 #UTIL: 275
2 3 6 8 10 11 12 13 15 16 17 18 22 24 25 26 28 29 #UTIL: 230
1 2 5 6 7 9 10 13 14 16 19 20 23 24 25 26 27 #UTIL: 347
1 2 7 9 10 12 13 16 17 19 20 22 24 25 #UTIL: 290
1 2 3 4 5 8 9 10 12 13 14 17 18 19 23 24 25 27 #UTIL: 279
1 3 6 10 11 12 13 14 16 17 19 20 23 24 25 #UTIL: 270
2 3 6 7 8 10 12 13 16 20 21 23 24 26 27 28 29 #UTIL: 281
1 3 5 6 7 9 10 11 12 13 14 16 17 19 20 23 24 26 27 30 #UTIL: 413
1 3 4 5 6 7 9 10 12 13 14 16 17 19 20 23 25 27 #UTIL: 353
1 2 3 6 9 10 11 12 14 16 17 19 20 23 24 25 27 #UTIL: 294
1 2 3 5 6 7 9 10 11 13 14 15 16 17 18 19 23 24 25 27 28 29 30 #UTIL: 403
1 3 5 6 7 9 10 11 12 14 16 17 18 19 20 23 24 25 26 27 29 #UTIL: 384
1 3 4 6 7 9 10 11 12 13 16 19 20 26 28 #UTIL: 340
1 2 3 6 7 9 10 11 12 13 14 16 17 20 22 23 24 26 27 29 #UTIL: 340
3 6 9 10 11 12 19 22 26 28 #UTIL: 220
1 2 3 6 10 11 12 13 16 19 20 22 24 26 28 #UTIL: 277
1 7 10 11 12 13 14 16 17 20 22 24 25 27 29 #UTIL: 282
1 2 4 9 10 12 13 14 17 19 20 24 27 28 #UTIL: 267
2 3 6 8 9 10 11 12 13 16 18 20 27 #UTIL: 221
1 2 5 6 7 9 10 11 13 14 16 17 18 19 20 23 24 25 26 27 #UTIL: 388
1 3 6 7 10 11 12 13 18 20 21 26 28 #UTIL: 267
1 2 6 7 10 11 12 13 14 17 19 20 24 25 30 #UTIL: 330
1 2 3 5 6 9 11 12 14 16 17 19 20 22 23 24 26 27 #UTIL: 259
1 2 6 7 8 10 11 12 13 16 17 19 20 24 25 27 30 #UTIL: 360
1 2 3 6 7 10 11 12 13 14 16 17 19 20 21 22 23 27 29 #UTIL: 351
1 2 3 4 6 7 9 10 11 12 13 16 17 19 20 23 24 26 29 #UTIL: 356
1 2 6 10 11 12 13 14 16 17 20 23 24 27 #UTIL: 238
1 2 5 6 7 9 12 13 14 19 20 23 24 25 26 27 #UTIL: 285
1 2 3 5 10 11 12 13 14 16 17 20 23 24 25 26 27 #UTIL: 263
2 3 6 7 10 11 12 13 14 17 20 22 23 24 25 27 30 #UTIL: 314
1 3 5 6 9 10 12 13 14 16 17 19 20 22 23 25 26 27 28 #UTIL: 328
2 3 5 7 9 11 13 14 15 16 17 18 19 23 24 25 27 28 #UTIL: 284
1 2 5 6 7 8 9 10 11 12 13 14 16 17 19 23 24 25 26 27 28 #UTIL: 391
1 2 3 7 9 11 12 13 14 16 17 19 20 23 25 26 27 #UTIL: 304
1 2 3 6 7 10 11 12 13 14 15 16 17 19 20 22 23 24 #UTIL: 338
1 2 3 5 6 9 10 11 12 13 14 16 19 20 23 25 26 27 28 #UTIL: 339
1 2 6 10 11 12 13 16 17 20 23 24 27 #UTIL: 228
1 3 5 6 10 11 12 13 14 16 17 19 20 23 24 25 #UTIL: 279
1 2 3 4 5 6 7 8 10 12 13 14 15 16 17 18 19 20 23 24 25 27 #UTIL: 369
1 2 3 6 7 9 10 11 13 14 16 17 19 21 23 25 26 29 #UTIL: 326
1 2 3 9 13 14 15 16 17 19 20 23 24 25 26 27 #UTIL: 225
1 2 5 6 7 8 9 10 11 12 13 14 15 16 17 19 20 23 24 25 26 27 28 #UTIL: 418
1 2 3 5 6 7 9 10 11 12 14 16 17 18 19 23 24 25 27 #UTIL: 348
1 2 3 5 6 7 10 11 12 13 14 16 17 18 19 20 23 24 25 27 #UTIL: 371
1 2 3 6 7 9 10 12 14 17 19 20 22 23 24 27 #UTIL: 318
1 2 3 6 7 10 11 13 14 16 17 19 20 22 24 25 27 #UTIL: 337
1 2 3 6 7 10 11 13 14 16 17 19 20 22 24 25 27 28 #UTIL: 351
1 4 5 6 7 9 10 11 12 13 14 17 19 20 24 25 27 #UTIL: 357
1 2 3 6 7 9 10 12 13 14 17 19 20 21 23 25 26 #UTIL: 323
1 2 3 6 9 10 13 14 16 17 19 20 23 24 26 27 #UTIL: 288
1 2 3 6 7 9 10 12 14 16 17 19 20 22 23 24 25 #UTIL: 310
1 3 10 11 13 16 19 20 26 28 30 #UTIL: 263
1 2 3 6 10 11 12 14 16 17 19 20 23 24 25 27 #UTIL: 279
2 3 6 7 9 10 12 13 14 17 19 23 24 25 26 27 #UTIL: 317
1 2 3 5 6 7 8 9 10 11 12 13 14 16 17 18 19 20 23 25 27 29 #UTIL: 387
1 2 3 7 10 12 16 17 23 24 25 26 27 #UTIL: 238
2 3 6 7 10 11 12 13 14 16 17 19 20 23 24 27 30 #UTIL: 359
2 3 6 7 10 11 12 13 17 19 20 22 23 24 #UTIL: 296
1 3 5 6 7 10 11 12 13 18 20 21 26 28 #UTIL: 276
1 3 5 6 10 11 12 13 19 20 22 25 26 30 #UTIL: 286
1 2 6 7 9 10 11 12 13 14 16 17 18 19 20 23 24 27 28 #UTIL: 381
1 2 5 6 7 9 10 12 13 14 17 18 20 23 24 25 26 #UTIL: 293
1 2 3 6 7 9 11 12 13 14 16 20 23 25 26 27 #UTIL: 259
1 3 6 7 8 10 11 12 13 14 16 17 19 20 21 22 24 25 26 27 30 #UTIL: 398
1 3 6 10 12 13 19 20 26 28 #UTIL: 226
1 2 3 5 6 7 8 10 12 13 14 16 17 18 19 20 22 25 27 #UTIL: 343
1 3 6 7 8 10 11 12 13 14 16 17 19 20 24 25 27 29 30 #UTIL: 372
1 2 5 6 7 8 9 11 13 16 17 19 23 24 25 26 27 #UTIL: 291
1 3 5 6 9 10 11 12 14 15 16 17 19 23 24 26 27 30 #UTIL: 326
1 2 3 5 6 7 9 10 11 12 14 16 17 19 20 23 24 27 #UTIL: 353
2 3 7 10 11 12 13 14 16 19 20 23 30 #UTIL: 309
2 3 5 6 7 9 10 11 12 13 14 16 17 18 20 23 24 25 26 27 29 #UTIL: 341
1 2 3 5 6 9 10 11 12 13 14 17 18 19 20 23 24 25 29 #UTIL: 297
1 2 3 6 9 10 12 13 14 17 18 19 24 25 27 #UTIL: 255
1 6 9 10 13 14 16 19 20 23 24 25 27 #UTIL: 261
2 3 6 8 11 12 13 16 17 18 22 24 25 26 28 29 #UTIL: 159
1 2 3 5 6 7 9 10 11 13 14 17 19 20 23 24 25 27 30 #UTIL: 382
1 2 3 6 9 10 11 12 13 16 17 20 23 24 25 27 28 #UTIL: 267
1 3 6 10 11 13 19 20 28 #UTIL: 220
1 2 3 5 6 8 10 12 13 14 17 18 19 20 23 24 25 27 #UTIL: 287
1 2 5 6 7 9 12 13 14 19 20 23 25 26 27 #UTIL: 279
1 2 3 5 6 9 13 14 16 17 19 20 23 24 25 26 27 #UTIL: 239
1 2 6 9 10 14 16 17 19 20 21 23 24 26 #UTIL: 243
1 2 3 5 6 7 9 10 11 12 13 14 16 17 19 20 23 24 25 27 29 #UTIL: 378
1 2 7 9 10 11 12 13 14 15 16 17 18 19 22 23 24 25 27 #UTIL: 356
1 2 7 9 10 11 12 13 14 15 16 17 18 19 22 23 24 25 27 30 #UTIL: 383
1 2 3 6 7 11 12 13 14 15 16 17 19 20 21 29 #UTIL: 250
1 2 3 6 7 9 11 12 13 14 16 17 20 23 24 26 27 #UTIL: 267
2 3 6 10 12 13 16 20 24 25 27 28 29 #UTIL: 194
2 3 10 12 13 16 20 24 25 27 28 29 #UTIL: 182
2 3 6 7 8 10 11 12 16 17 20 24 25 26 27 #UTIL: 273
1 2 6 7 10 11 13 14 19 20 21 23 24 25 27 30 #UTIL: 347
1 2 5 6 7 8 9 10 11 12 13 14 15 16 17 18 19 20 23 24 25 26 27 30 #UTIL: 440
1 3 6 9 10 12 13 19 20 22 28 #UTIL: 231
1 2 5 7 9 10 11 12 13 16 17 19 20 23 24 26 27 30 #UTIL: 390
1 3 4 6 9 10 11 12 19 22 28 #UTIL: 226
2 3 6 8 10 11 12 13 16 17 22 24 25 26 27 28 29 #UTIL: 238
1 2 3 7 10 12 14 16 23 24 25 26 27 #UTIL: 240
1 2 3 6 7 9 11 12 13 14 15 16 20 23 25 26 27 #UTIL: 266
1 2 4 5 6 7 9 10 12 13 14 16 17 19 23 24 25 27 #UTIL: 338
1 2 5 6 10 11 12 13 14 16 17 19 20 23 24 27 #UTIL: 296
1 2 4 5 7 10 11 12 13 14 16 17 18 20 22 23 24 25 #UTIL: 299
3 6 7 9 10 11 12 13 14 16 17 18 20 23 24 25 27 #UTIL: 310
1 5 6 9 10 11 12 13 14 16 17 19 20 23 24 25 26 27 30 #UTIL: 359
1 3 5 6 8 10 11 12 13 19 20 22 25 26 27 #UTIL: 289
2 3 7 10 11 12 13 16 17 19 20 23 24 29 #UTIL: 287
1 2 5 6 7 9 10 11 13 14 16 17 19 20 21 23 24 25 27 30 #UTIL: 389
2 3 6 8 10 11 12 13 20 23 24 25 26 27 #UTIL: 229
1 2 5 6 7 9 12 14 17 18 20 23 24 25 26 27 #UTIL: 235
2 3 6 8 10 11 12 20 21 24 25 26 27 28 #UTIL: 214
1 2 3 4 5 6 7 9 10 11 12 13 14 16 19 20 24 25 30 #UTIL: 369
1 3 6 7 10 11 12 13 14 16 17 19 20 24 27 #UTIL: 332
1 2 3 5 7 9 10 12 13 14 16 17 19 20 23 26 27 #UTIL: 347
1 2 10 12 13 14 17 19 20 24 27 28 #UTIL: 243
1 2 3 5 6 8 10 12 13 14 18 19 20 23 24 25 27 #UTIL: 279
1 2 3 6 10 12 13 14 16 17 20 24 25 27 28 29 #UTIL: 227
1 2 5 6 7 9 10 12 13 14 17 18 20 21 23 24 25 26 27 #UTIL: 318
1 2 3 6 7 10 11 12 13 17 20 22 23 24 25 27 29 #UTIL: 293
1 3 5 6 7 9 10 11 12 13 17 19 20 26 #UTIL: 324
1 2 3 5 6 7 9 10 11 12 13 14 16 17 18 23 24 25 27 #UTIL: 317
1 2 6 7 9 10 12 13 14 16 17 19 20 23 24 25 26 27 #UTIL: 358
1 2 3 5 6 7 10 11 12 13 14 16 17 19 20 23 24 #UTIL: 332
1 2 6 10 11 13 14 16 17 20 23 24 27 #UTIL: 226
1 2 3 5 6 9 10 11 13 14 16 17 19 20 21 23 24 25 26 27 28 #UTIL: 342
1 2 3 5 6 7 9 10 12 13 14 17 19 20 23 24 25 26 27 #UTIL: 361
1 2 3 6 7 10 12 13 14 16 17 20 24 25 27 28 29 30 #UTIL: 310
1 3 7 10 11 13 20 21 23 24 26 28 #UTIL: 252
1 2 3 5 6 7 8 13 14 16 17 18 19 20 23 25 27 #UTIL: 271
1 2 3 5 6 7 8 13 16 17 18 19 20 23 24 25 27 #UTIL: 267
1 2 3 5 6 7 8 10 12 13 14 17 18 19 20 23 24 27 #UTIL: 337
1 2 3 6 9 12 13 14 16 17 19 20 24 25 26 27 #UTIL: 230
1 2 3 6 9 10 11 13 14 16 17 18 19 20 23 24 25 26 27 #UTIL: 327
1 2 3 5 6 7 8 10 12 13 14 16 17 18 19 20 21 22 23 24 25 27 29 #UTIL: 363
1 2 3 5 6 7 9 10 11 12 14 15 16 19 20 23 24 25 26 27 #UTIL: 376
1 2 3 4 5 6 7 9 10 11 12 13 14 16 18 19 20 22 24 25 27 30 #UTIL: 410
2 3 6 7 8 9 10 11 12 14 16 20 25 26 27 #UTIL: 284
1 2 3 6 7 10 11 13 14 16 17 20 24 25 27 30 #UTIL: 307
2 3 6 7 9 10 11 13 14 19 20 23 24 26 27 #UTIL: 335
2 6 8 10 11 12 13 15 16 20 25 26 27 #UTIL: 224
1 2 3 6 9 12 13 14 17 19 20 23 24 25 26 27 #UTIL: 232
1 2 3 4 5 6 7 9 10 12 13 14 16 17 19 20 24 25 26 27 #UTIL: 368
1 2 3 4 5 6 7 9 10 12 13 14 15 16 17 19 20 24 25 26 27 #UTIL: 375
1 2 3 4 5 6 7 8 10 12 13 15 16 17 18 19 20 23 24 25 27 #UTIL: 359
1 3 6 7 8 10 12 13 14 16 19 20 24 25 27 30 #UTIL: 339
1 3 6 7 8 10 12 13 14 16 20 24 25 27 30 #UTIL: 290
1 3 5 6 10 12 13 14 16 17 19 20 23 24 25 #UTIL: 255
3 6 8 10 11 12 13 18 20 24 25 26 27 29 #UTIL: 224
1 2 3 5 6 7 9 10 11 12 14 17 18 19 23 24 25 26 27 #UTIL: 356
1 2 3 5 6 7 12 13 14 15 16 17 18 19 20 23 24 25 27 30 #UTIL: 317
2 3 6 7 9 10 12 13 14 15 16 17 19 20 23 24 25 27 30 #UTIL: 363
2 3 6 8 10 11 12 13 16 22 24 25 26 28 29 #UTIL: 206
1 2 3 6 8 10 11 12 13 16 17 23 24 25 26 28 29 #UTIL: 233
1 2 3 5 6 9 10 12 13 14 17 19 20 23 25 26 27 28 30 #UTIL: 340
1 3 6 10 11 12 13 16 19 20 23 26 28 #UTIL: 272
1 2 3 4 5 6 7 9 10 12 13 14 16 17 20 23 24 25 27 28 #UTIL: 327
1 6 7 9 10 14 16 19 20 23 24 25 27 #UTIL: 299
1 2 3 6 7 9 12 13 14 15 16 17 19 20 21 24 26 27 #UTIL: 288
2 6 7 10 11 12 14 16 17 20 23 24 25 26 30 #UTIL: 288
1 2 3 4 5 6 7 8 9 10 11 12 13 14 15 16 17 19 20 23 24 25 26 27 28 #UTIL: 431
1 2 5 6 10 11 12 13 14 15 16 17 19 23 24 25 26 27 30 #UTIL: 334
1 2 3 5 6 7 9 10 11 12 13 14 16 17 18 19 20 22 23 24 27 29 #UTIL: 389
1 2 3 6 7 10 11 13 14 16 17 19 20 24 25 30 #UTIL: 332
1 2 3 6 7 10 11 13 14 17 20 22 23 24 25 27 #UTIL: 290
1 2 3 5 6 7 9 10 11 12 14 16 17 18 20 23 26 27 #UTIL: 325
1 2 3 5 6 9 10 13 14 16 17 19 20 23 24 25 26 27 #UTIL: 303
2 3 6 8 10 11 12 16 20 24 25 26 27 30 #UTIL: 236
1 2 3 4 5 6 9 10 11 12 13 14 17 18 19 20 23 24 25 26 27 #UTIL: 347
2 6 8 9 10 11 13 14 16 17 19 20 23 24 26 27 #UTIL: 299
1 2 3 5 6 7 9 10 11 12 14 15 16 19 20 23 24 25 26 27 29 #UTIL: 377
2 3 6 7 10 11 12 14 16 17 20 21 23 24 25 27 #UTIL: 272
1 2 3 6 7 9 10 11 13 14 15 16 17 18 19 23 27 #UTIL: 340
1 2 3 6 7 10 11 12 13 14 16 17 23 24 25 26 28 30 #UTIL: 319
1 6 7 9 10 13 16 18 19 20 23 24 25 27 #UTIL: 316
2 3 6 8 10 11 12 16 20 22 23 24 26 27 #UTIL: 223
1 2 3 5 6 7 9 11 12 13 14 16 17 20 23 24 25 27 28 #UTIL: 278
1 6 7 9 10 11 12 13 14 16 17 19 20 23 25 26 27 29 #UTIL: 374
2 6 7 8 9 10 11 12 13 14 16 20 25 26 27 #UTIL: 298
1 2 6 7 10 11 12 13 14 16 17 18 20 23 24 25 27 #UTIL: 309
1 2 3 5 7 8 10 12 13 14 16 17 18 19 20 22 23 25 27 #UTIL: 343
1 2 3 6 7 8 9 10 12 13 14 16 17 19 20 21 23 24 25 27 30 #UTIL: 378
2 3 6 7 10 11 12 13 14 15 16 17 19 20 24 27 #UTIL: 327
1 2 3 5 6 7 9 12 13 14 15 16 17 19 20 24 25 26 27 #UTIL: 302
1 3 5 6 9 10 12 13 14 16 17 19 20 23 25 26 27 30 #UTIL: 333
1 2 3 6 9 12 13 14 15 16 17 18 19 20 23 24 25 26 27 #UTIL: 258
1 2 3 4 5 9 10 11 12 13 14 17 18 23 24 25 27 #UTIL: 248
1 2 5 6 7 8 9 11 12 13 14 15 16 17 20 23 24 25 26 27 30 #UTIL: 318
1 2 3 5 6 9 10 11 12 13 14 16 17 19 20 22 23 24 26 27 30 #UTIL: 368
1 2 3 5 6 7 9 10 13 14 17 19 20 23 24 26 27 29 #UTIL: 344
1 2 3 6 9 11 13 19 20 25 26 28 #UTIL: 198
1 2 3 5 6 7 9 10 12 13 14 17 18 19 20 24 25 27 29 #UTIL: 341
1 2 3 5 6 7 8 10 12 13 14 17 18 19 20 23 24 25 26 27 #UTIL: 361
1 2 3 6 7 9 10 12 13 14 16 17 20 24 25 27 28 29 #UTIL: 298
1 2 3 5 6 7 10 11 12 13 14 15 17 18 19 20 22 23 24 25 27 29 #UTIL: 377
1 3 5 6 7 9 10 11 12 13 14 16 17 20 23 24 25 26 27 29 #UTIL: 344
1 2 3 5 6 7 9 10 12 13 14 16 17 19 20 23 25 26 27 #UTIL: 365
3 6 8 10 11 12 13 16 24 25 26 27 #UTIL: 204
1 2 3 6 7 9 10 12 13 16 17 19 20 23 24 26 #UTIL: 322
1 2 3 4 6 7 9 12 13 14 16 17 19 20 23 24 26 27 #UTIL: 301
1 3 6 7 10 11 12 13 14 16 17 20 22 23 24 25 #UTIL: 285
1 3 4 6 10 12 13 15 19 20 #UTIL: 210
1 2 3 6 7 9 11 12 13 14 17 19 20 23 24 25 26 27 30 #UTIL: 339
3 6 9 10 11 12 13 19 20 22 23 26 28 #UTIL: 270
1 2 3 5 6 7 9 12 14 17 19 20 23 24 26 27 #UTIL: 273
1 2 3 5 7 9 10 11 12 13 14 18 19 20 23 24 25 27 29 #UTIL: 357
1 2 3 6 12 13 14 15 16 17 18 19 20 23 24 25 26 27 #UTIL: 243
1 2 3 6 7 9 12 13 14 15 16 17 19 20 24 26 27 #UTIL: 287
1 2 3 6 7 10 11 13 14 15 16 17 19 20 24 25 26 27 #UTIL: 354
1 2 3 4 6 7 10 11 12 13 16 17 19 20 24 25 27 28 #UTIL: 354
1 2 3 6 7 8 10 11 13 14 16 17 20 23 24 25 26 27 29 30 #UTIL: 344
1 2 3 5 6 7 9 10 11 12 16 17 19 20 21 23 24 26 27 30 #UTIL: 389
1 2 3 6 7 10 11 13 14 16 17 19 20 24 25 26 27 29 #UTIL: 348
1 2 3 5 6 7 8 10 11 12 13 14 16 17 18 19 20 22 23 24 25 27 28 29 #UTIL: 400
1 2 3 5 6 9 11 12 13 14 16 17 18 19 20 23 24 25 26 27 29 #UTIL: 285
1 6 7 10 11 12 13 14 16 17 20 22 24 27 29 #UTIL: 288
1 2 3 5 7 10 11 13 14 16 17 19 20 21 23 25 29 #UTIL: 310
1 2 6 7 9 10 11 12 13 14 16 17 19 20 23 26 27 30 #UTIL: 397
2 3 6 7 8 9 10 12 14 16 20 25 26 27 #UTIL: 260
1 2 3 4 7 10 11 12 13 14 16 20 25 26 27 30 #UTIL: 320
1 2 3 5 6 7 8 10 12 13 14 16 18 19 20 23 24 25 27 #UTIL: 345
1 3 6 7 8 10 11 12 13 19 20 26 28 #UTIL: 312
1 2 3 5 6 7 9 10 11 12 14 16 17 18 19 20 23 27 30 #UTIL: 383
1 2 3 5 6 7 8 9 12 13 14 15 16 17 18 19 20 23 24 27 #UTIL: 305
1 2 3 5 6 7 9 11 12 13 14 17 18 19 20 23 24 25 27 29 #UTIL: 313
1 3 6 7 10 11 12 13 14 16 17 19 20 22 23 24 25 #UTIL: 334
1 3 6 8 10 11 13 19 24 26 28 29 #UTIL: 231
1 6 7 9 10 11 12 13 14 17 19 20 23 24 25 27 #UTIL: 351
1 2 3 6 7 8 11 12 14 16 17 19 20 24 25 30 #UTIL: 268
1 2 5 6 9 11 12 14 16 17 19 20 23 24 26 27 #UTIL: 247
1 2 3 5 6 7 9 10 11 12 13 14 18 19 20 23 24 25 27 #UTIL: 368
1 2 7 9 10 11 12 14 15 16 17 18 19 22 23 24 25 27 #UTIL: 338
1 2 3 6 10 11 12 13 16 17 19 23 24 25 27 #UTIL: 267
1 2 3 5 6 7 8 9 10 11 12 13 14 16 17 18 19 20 23 24 25 26 27 #UTIL: 410
1 2 3 4 5 6 7 9 10 11 12 13 14 16 17 18 19 20 24 25 27 29 #UTIL: 384
1 2 6 7 10 11 12 14 16 17 19 20 23 24 27 28 29 #UTIL: 340
1 2 3 6 7 8 10 11 12 13 14 16 17 19 20 23 24 25 27 28 #UTIL: 373
1 2 3 5 7 9 10 11 12 13 14 16 17 19 20 23 24 25 26 #UTIL: 359
1 2 3 6 9 10 12 13 17 19 20 24 25 27 #UTIL: 256
1 2 3 6 7 10 12 13 16 17 19 20 24 25 27 #UTIL: 307
1 2 3 10 11 12 13 14 16 23 24 25 26 27 30 #UTIL: 253
1 2 3 5 7 9 10 11 12 13 14 16 17 20 23 24 25 26 #UTIL: 310
1 2 3 5 7 9 10 11 12 14 16 17 20 23 24 25 26 #UTIL: 292
1 2 3 6 7 9 10 11 13 14 15 16 17 18 19 24 25 27 #UTIL: 340
1 2 3 6 7 10 11 12 13 14 16 19 20 22 25 27 28 30 #UTIL: 376
1 3 6 7 9 10 12 13 14 16 17 19 20 22 23 24 25 27 30 #UTIL: 376
1 2 6 7 10 11 12 13 14 16 17 20 22 23 24 26 27 #UTIL: 320
1 2 6 7 10 13 14 15 16 17 20 23 24 25 26 27 #UTIL: 289
1 2 5 6 7 9 11 12 13 17 19 20 23 24 25 26 27 #UTIL: 307
1 2 3 6 7 8 10 11 13 14 16 17 20 22 23 24 25 26 27 30 #UTIL: 351
2 3 6 10 11 12 14 16 17 20 21 23 24 25 27 #UTIL: 216
1 2 3 5 6 7 10 11 12 16 17 19 20 23 24 26 27 30 #UTIL: 373
1 3 5 9 10 12 13 14 16 17 19 20 22 23 25 26 27 28 #UTIL: 316
1 2 3 6 7 8 10 11 12 13 16 20 24 25 26 27 #UTIL: 298
1 2 3 5 6 7 8 10 11 12 13 14 16 17 18 19 20 21 23 24 25 27 29 #UTIL: 379
1 6 7 10 11 13 14 15 17 19 24 25 30 #UTIL: 302
1 2 3 5 6 9 10 11 12 13 16 19 20 23 25 26 27 28 #UTIL: 329
1 3 6 7 8 10 12 13 14 16 19 20 24 27 30 #UTIL: 333
1 2 3 6 7 10 12 13 14 16 17 19 20 23 29 #UTIL: 294
1 2 5 6 7 9 10 11 12 13 14 16 17 18 19 20 23 24 27 28 #UTIL: 390
1 2 3 6 7 8 10 11 13 16 20 22 24 25 26 27 #UTIL: 294
2 3 6 8 10 11 12 16 20 22 23 26 27 #UTIL: 217
1 2 3 6 10 12 13 14 15 16 17 20 24 25 27 28 29 #UTIL: 234
1 2 6 7 9 13 14 16 17 19 20 23 25 27 29 #UTIL: 259
2 3 4 6 7 9 10 11 12 13 14 16 18 19 20 24 25 30 #UTIL: 354
1 2 5 6 7 9 10 12 13 14 17 20 21 23 24 25 26 27 #UTIL: 309
1 2 6 7 9 10 11 12 14 15 16 17 18 19 20 23 24 25 27 #UTIL: 362
2 3 6 7 10 11 12 14 16 17 20 24 25 27 #UTIL: 259
1 2 3 7 10 11 13 14 16 17 19 20 21 23 29 30 #UTIL: 322
1 2 3 4 6 7 10 11 12 13 14 16 17 20 23 24 25 26 27 30 #UTIL: 358
1 2 3 5 6 7 9 10 11 12 13 14 16 19 20 23 25 27 29 #UTIL: 364
1 2 6 7 9 10 11 12 14 16 17 19 20 23 25 26 27 #UTIL: 358
1 2 3 4 6 7 10 11 12 13 14 16 19 20 22 25 27 28 30 #UTIL: 385
1 3 6 7 8 10 11 12 13 16 17 19 20 23 24 #UTIL: 316
1 2 6 7 9 10 11 13 16 17 19 20 23 24 25 27 #UTIL: 342
1 2 3 6 7 9 10 12 13 14 16 17 20 22 23 24 26 27 29 #UTIL: 316
1 2 3 6 7 10 11 12 14 15 16 17 19 20 22 23 24 #UTIL: 320
1 2 3 4 5 10 11 12 13 14 15 17 18 19 24 25 26 27 #UTIL: 295
1 2 3 5 6 9 10 11 12 14 16 17 19 20 23 24 26 27 30 #UTIL: 342
1 2 3 6 7 9 10 11 12 13 14 16 20 23 25 26 27 #UTIL: 323
1 3 6 7 8 10 11 12 13 14 16 17 19 20 24 25 27 28 29 30 #UTIL: 386
2 3 6 8 9 10 12 13 16 18 19 20 21 24 25 26 27 28 29 #UTIL: 292
1 2 3 6 7 10 11 12 13 14 16 17 19 24 27 #UTIL: 315
2 3 6 8 9 10 11 12 13 20 24 25 26 27 #UTIL: 232
1 2 6 7 9 10 12 13 14 16 17 19 20 21 23 24 27 #UTIL: 335
2 3 5 6 7 8 10 11 12 16 18 20 24 25 26 27 #UTIL: 283
2 6 7 10 11 12 14 16 17 20 23 24 25 29 #UTIL: 244
1 2 3 5 6 7 10 13 14 16 17 19 20 24 25 27 #UTIL: 314
1 3 4 6 10 12 13 15 19 20 21 26 #UTIL: 229
1 6 7 9 10 11 12 13 16 17 19 20 25 27 28 #UTIL: 347
1 2 3 5 7 9 10 11 12 13 14 15 16 17 19 20 23 24 25 27 #UTIL: 372
2 3 8 10 12 13 16 20 24 25 27 28 29 #UTIL: 188
1 2 3 6 10 11 12 13 16 19 20 22 26 28 30 #UTIL: 298
1 3 6 7 9 10 11 12 14 16 17 19 23 24 25 27 #UTIL: 327
1 2 3 5 6 9 10 11 14 15 16 17 19 20 23 24 26 27 30 #UTIL: 337
1 2 3 5 6 7 9 10 11 12 13 14 17 19 20 23 25 27 #UTIL: 361
1 2 5 6 7 9 10 12 16 17 19 20 23 24 25 27 #UTIL: 321
1 3 6 7 12 13 19 20 26 28 30 #UTIL: 245
1 3 6 7 9 10 12 13 17 19 20 21 26 28 #UTIL: 306
1 2 6 7 8 9 10 11 12 13 14 16 17 19 20 23 25 26 27 28 #UTIL: 396
2 3 4 6 8 10 11 12 16 20 22 24 26 27 #UTIL: 220
1 2 3 4 6 7 10 11 12 13 14 15 16 17 19 20 23 24 #UTIL: 339
1 2 3 4 6 7 10 11 12 13 14 16 19 20 22 25 27 28 #UTIL: 358
1 2 5 7 9 10 11 13 14 15 16 17 18 19 23 24 27 #UTIL: 339
1 5 6 7 10 12 13 14 16 17 19 20 23 24 25 27 29 #UTIL: 332
1 5 6 7 10 12 13 14 16 19 20 23 24 25 27 29 #UTIL: 324
1 2 3 6 7 8 10 11 12 13 14 16 17 20 23 25 26 27 29 30 #UTIL: 350
1 2 3 5 6 9 10 11 12 14 15 16 19 20 23 24 25 26 27 29 #UTIL: 321
2 6 7 10 11 12 14 16 17 20 24 25 26 #UTIL: 249
1 2 3 5 6 7 9 10 12 13 14 17 19 20 21 23 24 25 26 27 #UTIL: 362
1 2 5 6 7 9 12 13 14 15 16 17 19 20 24 25 26 27 #UTIL: 298
1 2 5 6 7 9 10 11 13 14 16 17 20 23 24 26 27 30 #UTIL: 351
2 3 4 6 7 9 10 11 13 14 19 20 23 24 25 26 27 #UTIL: 350
1 3 6 8 10 11 12 19 22 26 28 #UTIL: 226
1 2 3 6 7 8 9 10 12 13 14 16 19 20 22 23 24 25 27 #UTIL: 350
1 3 6 7 8 10 11 12 13 16 20 22 24 25 26 27 #UTIL: 303
2 3 6 7 9 10 11 12 13 14 16 17 18 20 21 23 24 25 27 #UTIL: 314
1 5 6 7 9 10 11 12 13 14 16 17 19 20 23 24 25 27 28 #UTIL: 384
1 2 6 7 10 11 13 14 19 20 24 25 30 #UTIL: 310
1 2 3 4 6 7 10 11 12 13 14 16 17 20 23 24 25 26 27 29 30 #UTIL: 359
2 3 6 8 10 11 12 13 16 18 20 21 24 25 26 27 29 #UTIL: 238
1 2 3 6 9 10 11 12 13 14 16 20 23 25 26 27 #UTIL: 267
1 2 3 5 6 7 9 13 14 16 17 20 23 24 25 26 27 #UTIL: 246
1 2 3 7 9 11 12 13 14 16 17 19 20 22 23 25 26 27 #UTIL: 312
1 2 3 6 7 10 11 12 14 15 16 19 20 22 23 24 #UTIL: 312
3 4 6 7 10 11 12 13 20 26 28 #UTIL: 251
1 3 4 5 6 7 9 10 11 12 13 17 19 20 26 #UTIL: 333
1 2 3 6 7 9 10 11 12 13 14 16 17 20 22 23 24 26 27 30 #UTIL: 366
1 3 6 12 15 19 20 26 #UTIL: 137
1 6 10 11 13 19 20 24 26 28 29 #UTIL: 241
1 2 3 4 5 6 7 9 10 12 13 14 16 17 19 23 24 25 27 28 #UTIL: 356
1 2 3 5 6 7 9 11 12 13 14 16 17 18 19 20 23 24 25 27 29 #UTIL: 323
1 2 5 6 7 9 10 12 13 14 17 19 20 23 24 27 #UTIL: 333
2 3 6 7 9 10 11 12 13 14 16 17 18 19 20 21 23 24 25 27 29 #UTIL: 364
1 2 4 6 7 8 9 10 13 14 16 17 19 20 23 24 25 26 27 #UTIL: 361
1 2 3 6 7 10 11 12 13 14 16 17 19 20 21 22 23 26 27 29 #UTIL: 369
1 2 3 6 7 9 13 14 16 17 19 20 23 24 25 26 #UTIL: 262
3 6 8 10 12 13 16 20 24 25 27 28 29 #UTIL: 197
1 2 3 5 7 9 13 14 16 17 19 20 23 24 25 26 27 #UTIL: 283
1 6 7 9 10 11 12 13 14 16 17 19 20 23 24 27 #UTIL: 355
1 2 3 5 6 9 11 12 14 16 18 19 20 23 24 25 26 30 #UTIL: 261
1 2 3 4 5 9 10 11 12 13 14 17 23 24 25 27 30 #UTIL: 266
1 3 6 7 11 12 13 20 21 28 #UTIL: 176
1 2 4 5 6 10 11 12 13 14 15 16 17 20 23 24 25 26 27 30 #UTIL: 314
1 2 4 5 7 9 10 11 12 13 14 16 17 19 20 23 24 25 27 #UTIL: 370
1 2 3 7 10 11 13 14 16 17 19 20 23 29 #UTIL: 294
1 2 5 6 10 11 12 13 14 16 17 19 20 24 25 26 30 #UTIL: 311
2 3 5 10 16 18 20 21 25 26 27 29 #UTIL: 169
1 2 5 6 7 9 10 11 12 13 14 15 16 17 18 19 20 23 24 25 27 #UTIL: 389
1 2 3 6 7 9 10 12 13 14 16 20 21 22 23 24 25 27 #UTIL: 296
1 2 3 5 6 7 8 10 12 14 16 17 19 20 23 24 25 27 #UTIL: 326
1 2 3 5 6 7 8 9 10 12 13 14 16 17 18 19 20 23 25 27 29 #UTIL: 363
1 2 3 4 5 9 10 11 12 13 16 17 18 21 23 24 25 27 30 #UTIL: 276
1 3 5 6 7 9 10 12 13 14 17 19 20 23 24 25 26 27 #UTIL: 358
1 2 3 5 6 7 8 10 12 13 14 16 17 18 19 20 22 23 24 25 27 28 29 #UTIL: 376
1 2 3 4 5 6 7 8 10 12 13 14 15 16 17 18 19 20 23 24 25 27 30 #UTIL: 396
1 2 3 5 6 7 10 12 13 14 17 19 20 23 24 27 #UTIL: 322
1 2 3 6 7 8 10 12 14 16 17 19 20 24 25 30 #UTIL: 308
1 2 3 5 6 7 10 11 12 13 14 16 19 20 23 24 27 30 #UTIL: 375
1 6 7 9 10 12 13 14 16 17 19 20 23 24 25 27 #UTIL: 337
1 2 3 5 7 9 10 11 12 13 14 16 17 19 20 23 25 27 29 #UTIL: 360
1 3 5 6 9 10 12 13 14 17 19 20 22 23 25 26 27 28 #UTIL: 318
1 4 5 6 7 9 10 11 12 14 16 17 19 20 24 25 27 #UTIL: 349
2 3 7 8 9 10 11 12 13 16 20 24 25 26 27 28 #UTIL: 300
2 3 6 7 10 11 12 13 17 20 22 23 24 25 27 29 #UTIL: 278
1 2 3 6 9 10 12 13 14 16 17 19 20 23 24 26 27 30 #UTIL: 327
1 2 3 6 7 8 10 11 12 16 20 22 24 25 26 27 28 #UTIL: 302
1 2 4 6 7 9 10 11 13 14 16 17 19 20 23 24 25 27 #UTIL: 361
1 2 5 6 7 9 10 11 13 14 15 16 18 19 23 24 25 27 #UTIL: 349
1 2 3 6 7 8 9 10 12 13 14 16 17 19 20 21 24 25 27 30 #UTIL: 366
2 3 6 8 10 13 15 16 17 18 20 21 24 25 26 27 28 #UTIL: 230
2 3 6 8 10 12 13 15 16 17 18 20 21 24 25 26 27 28 #UTIL: 242
1 2 3 6 7 8 10 11 12 13 16 20 22 24 25 27 #UTIL: 288
2 3 6 7 9 10 11 12 13 14 15 16 17 19 20 23 24 25 27 30 #UTIL: 387
1 2 9 10 12 14 16 19 20 23 24 27 28 #UTIL: 254
1 2 3 6 11 12 13 17 19 26 28 #UTIL: 177
1 2 3 6 7 10 11 12 13 14 16 17 19 20 21 22 26 27 29 #UTIL: 357
1 2 6 7 10 11 13 14 17 19 20 24 30 #UTIL: 312
1 2 3 5 6 9 10 12 13 14 16 17 18 19 20 21 23 24 25 26 27 28 #UTIL: 339
1 2 3 5 6 9 10 11 12 13 14 16 17 19 20 22 23 24 25 26 27 28 #UTIL: 361
1 2 3 4 5 6 9 10 11 12 13 14 16 17 18 19 20 24 25 27 29 #UTIL: 328
1 3 6 8 10 11 12 13 14 19 20 22 26 28 #UTIL: 274
1 2 3 6 7 9 10 11 12 13 14 16 17 19 20 22 23 24 27 #UTIL: 370
1 2 5 6 7 9 10 11 13 14 17 18 19 23 24 25 27 29 #UTIL: 341
1 2 5 7 9 10 11 13 14 17 18 19 23 24 25 27 #UTIL: 328
1 2 3 6 7 8 10 11 12 14 16 20 23 25 26 27 30 #UTIL: 323
1 3 6 10 11 13 19 20 21 22 26 28 #UTIL: 247
1 5 6 7 9 10 12 13 14 16 17 19 20 24 25 27 28 30 #UTIL: 375
1 2 3 6 7 10 12 13 14 17 19 23 24 25 26 27 #UTIL: 317
1 2 3 6 7 9 10 12 14 17 19 20 22 23 24 27 30 #UTIL: 345
2 3 6 9 10 12 13 14 15 16 17 19 20 23 24 25 27 30 #UTIL: 307
2 3 6 7 9 10 12 13 14 16 17 19 20 22 23 24 25 27 29 30 #UTIL: 365
1 2 3 6 7 8 10 11 12 13 14 17 20 24 25 26 27 30 #UTIL: 333
1 3 4 6 10 11 12 19 20 26 27 28 #UTIL: 265
1 2 3 6 7 8 10 11 12 13 14 17 20 24 25 26 27 28 30 #UTIL: 347
1 2 6 7 9 10 11 13 14 16 19 20 23 24 25 27 30 #UTIL: 371
1 2 3 4 5 6 7 9 10 11 12 14 16 19 20 24 25 30 #UTIL: 351
1 2 3 6 10 11 12 13 14 16 17 19 24 25 27 #UTIL: 265
1 3 6 7 8 10 11 12 13 14 16 18 19 20 27 30 #UTIL: 360
1 2 5 6 7 9 10 11 12 13 14 15 16 17 18 20 23 24 25 27 #UTIL: 340
1 2 3 5 6 7 8 10 11 12 13 16 20 22 24 25 26 #UTIL: 291
1 2 6 7 8 10 11 13 14 17 19 20 24 25 30 #UTIL: 324
1 2 3 6 10 11 12 13 14 16 17 19 23 24 25 #UTIL: 253
1 2 5 6 7 9 10 11 12 13 14 16 17 19 20 23 24 25 27 #UTIL: 373
2 3 6 8 9 10 11 12 13 16 18 20 25 27 29 #UTIL: 228
1 3 10 11 13 16 19 20 22 26 #UTIL: 230
1 2 3 6 7 10 12 13 14 16 17 19 20 23 24 25 27 30 #UTIL: 356
2 3 6 7 10 11 12 13 14 16 17 19 20 24 25 27 #UTIL: 326
2 3 6 7 9 10 11 12 13 14 15 16 17 19 20 23 24 25 26 27 #UTIL: 378
1 2 3 5 6 7 8 9 10 11 12 14 15 16 17 19 20 23 24 25 26 27 #UTIL: 390
1 2 3 6 7 9 10 12 13 14 17 19 20 21 22 23 24 25 #UTIL: 319
1 2 3 5 6 7 9 10 11 12 13 14 17 18 19 24 25 26 27 #UTIL: 362
1 3 6 10 11 12 13 15 17 19 20 24 26 28 #UTIL: 271
1 3 7 10 11 12 13 15 20 21 23 24 26 28 #UTIL: 271
1 2 3 6 7 10 11 13 14 15 16 17 19 20 24 27 #UTIL: 330
1 2 5 7 9 11 13 14 17 18 19 23 24 25 27 #UTIL: 264
1 6 7 9 10 11 12 13 14 16 19 20 23 24 25 27 #UTIL: 353
1 2 3 7 10 12 13 14 16 17 20 23 24 25 27 29 #UTIL: 269
2 3 6 7 10 11 13 14 17 19 20 24 25 27 30 #UTIL: 331
1 2 3 5 7 9 10 11 12 13 14 18 19 20 21 23 24 25 27 29 #UTIL: 358
1 3 5 6 9 10 12 13 14 17 18 19 20 22 23 25 26 27 28 #UTIL: 327
1 2 3 4 6 7 10 11 12 13 14 16 19 20 22 23 25 27 28 30 #UTIL: 397
1 3 6 7 9 10 11 12 13 16 17 19 20 23 24 #UTIL: 325
1 3 5 6 9 10 11 12 14 16 17 19 23 24 26 27 #UTIL: 292
1 2 3 5 6 7 9 10 11 12 14 15 16 17 18 20 22 23 24 25 27 29 #UTIL: 335
1 2 3 5 6 7 9 10 12 13 14 17 19 20 24 25 26 27 #UTIL: 349
1 3 6 9 10 11 12 15 19 22 28 #UTIL: 224
1 2 5 6 7 9 10 11 13 14 16 17 19 20 23 24 26 27 #UTIL: 373
1 2 3 6 7 10 11 12 13 14 16 17 19 24 25 27 #UTIL: 321
1 2 5 6 7 9 10 12 13 14 18 20 21 23 24 25 26 27 #UTIL: 310
1 2 3 6 7 9 10 11 12 13 14 16 17 20 24 25 27 30 #UTIL: 334
1 3 7 10 11 12 13 14 16 19 20 24 30 #UTIL: 315
1 2 3 5 7 9 10 11 12 13 14 16 17 19 20 22 23 24 25 26 #UTIL: 367
1 2 5 6 7 9 10 12 13 14 16 17 19 20 22 24 25 #UTIL: 321
1 3 6 10 11 12 13 16 19 20 22 23 26 28 #UTIL: 280
1 2 5 6 7 8 9 10 11 12 13 14 15 16 17 18 19 20 23 24 25 26 27 #UTIL: 413
1 2 3 6 7 10 11 12 13 14 16 19 20 23 25 30 #UTIL: 342
2 3 6 8 10 11 12 13 14 16 17 22 24 25 26 27 28 29 #UTIL: 248
1 2 3 6 7 9 10 12 13 14 17 19 24 25 27 #UTIL: 302
1 2 3 5 6 9 10 11 12 13 14 16 17 19 23 24 25 26 27 #UTIL: 319
1 2 3 6 9 10 11 12 13 14 16 17 20 23 24 25 27 #UTIL: 263
1 2 3 6 7 9 11 12 13 14 16 17 19 20 23 25 26 27 29 #UTIL: 317
1 2 3 6 7 10 11 12 13 17 19 20 22 23 24 #UTIL: 311
1 2 9 10 12 13 14 16 17 19 20 21 23 24 27 #UTIL: 267
1 2 3 4 6 7 10 11 12 13 14 16 17 18 19 20 24 25 27 30 #UTIL: 386
1 2 3 5 6 7 8 9 10 11 12 13 14 15 16 17 19 20 24 25 26 27 28 #UTIL: 410
1 3 6 7 8 10 11 12 13 16 17 20 28 30 #UTIL: 290
1 2 3 6 7 10 11 12 13 14 15 16 17 20 23 24 25 26 27 #UTIL: 329
1 2 3 5 8 9 10 11 12 13 14 15 16 17 19 20 23 24 25 26 27 #UTIL: 340
1 2 6 7 10 11 12 14 16 17 19 20 23 24 27 29 30 #UTIL: 353
1 2 3 7 9 11 12 13 14 16 17 19 20 23 25 26 27 30 #UTIL: 331
1 2 5 6 9 10 11 12 14 16 17 19 23 24 25 26 27 30 #UTIL: 324
1 3 6 10 11 12 13 14 19 20 21 26 28 #UTIL: 261
1 2 3 6 7 9 10 11 12 14 16 17 19 20 24 25 27 #UTIL: 338
1 2 5 6 7 10 13 14 16 17 19 20 23 24 25 27 #UTIL: 322
1 3 6 10 12 15 19 20 26 29 #UTIL: 202
1 2 3 7 10 12 16 17 21 23 24 25 26 27 #UTIL: 239
1 2 3 5 6 7 9 10 11 12 13 14 16 17 18 19 20 21 22 23 24 25 27 29 #UTIL: 396
1 2 3 5 6 7 10 12 13 14 16 17 19 23 26 27 #UTIL: 324
1 3 6 7 8 11 12 13 14 16 17 19 20 21 22 24 25 26 27 30 #UTIL: 334
1 2 3 6 7 10 11 12 13 14 17 20 24 25 26 27 30 #UTIL: 327
1 2 3 6 7 8 9 10 11 12 13 14 15 16 17 19 20 22 23 24 25 26 27 #UTIL: 407
2 3 5 7 9 11 13 14 15 16 17 18 19 23 24 25 27 28 29 #UTIL: 285
1 2 3 5 6 7 9 10 11 12 14 16 17 18 20 22 23 24 25 27 29 #UTIL: 328
1 2 3 4 7 10 11 12 13 14 15 16 20 23 25 26 27 30 #UTIL: 339
2 3 4 6 7 8 10 11 12 16 20 22 24 26 27 #UTIL: 276
2 6 7 10 11 12 13 15 16 17 19 20 24 27 30 #UTIL: 340
1 3 6 7 9 10 12 13 14 16 17 20 24 27 #UTIL: 274
1 2 3 5 7 9 10 11 12 13 14 16 17 19 20 24 25 26 #UTIL: 347
1 3 6 11 13 19 24 26 28 #UTIL: 160
1 2 3 5 7 10 12 13 14 16 17 20 23 24 25 27 29 #UTIL: 278
2 3 6 8 9 10 11 12 13 16 24 25 26 28 29 #UTIL: 213
1 2 3 6 10 11 12 13 16 17 19 20 22 24 25 27 #UTIL: 283
1 3 6 7 11 12 13 14 16 17 20 24 25 27 #UTIL: 225
2 3 6 7 10 11 12 13 14 16 17 20 23 24 25 27 30 #UTIL: 316
1 2 3 6 7 8 9 10 12 13 14 16 17 19 20 21 22 23 24 25 27 #UTIL: 359
1 2 3 6 9 11 13 14 16 17 18 19 20 23 24 25 26 27 #UTIL: 263
1 2 3 6 7 10 11 12 13 17 19 20 24 25 27 30 #UTIL: 348
1 2 3 5 7 9 10 11 12 14 16 17 19 20 24 25 26 #UTIL: 329
5 6 7 10 12 13 14 16 17 19 20 23 24 25 27 29 #UTIL: 317
2 3 6 9 10 11 12 13 19 20 22 23 26 28 #UTIL: 273
1 2 3 5 6 7 8 9 10 11 12 13 14 16 17 18 19 20 23 24 25 26 27 30 #UTIL: 437
1 2 5 6 7 9 10 11 12 16 17 18 19 20 23 24 26 27 30 #UTIL: 393
1 2 5 6 7 8 9 10 11 12 13 14 15 17 20 23 24 25 26 27 29 30 #UTIL: 373
1 2 3 5 6 7 9 10 11 12 14 16 17 18 23 24 25 27 #UTIL: 299
1 2 3 5 6 7 9 10 12 13 14 15 16 17 19 20 23 24 25 27 #UTIL: 360
1 2 3 4 6 7 8 10 11 12 14 16 20 23 25 26 27 30 #UTIL: 332
1 2 5 6 7 8 9 10 12 13 14 17 19 20 23 24 27 #UTIL: 339
1 2 3 5 6 7 9 10 11 12 13 14 18 19 23 24 25 30 #UTIL: 351
3 9 10 11 12 13 18 19 20 26 28 #UTIL: 247
1 3 6 7 11 12 13 14 16 17 19 20 21 22 24 25 26 27 30 #UTIL: 328
1 3 6 7 8 10 11 12 13 14 16 19 20 24 25 27 28 30 #UTIL: 377
1 3 6 7 8 10 12 14 16 17 19 20 21 24 27 30 #UTIL: 324
1 2 3 5 9 10 12 13 14 16 17 19 20 23 24 25 27 #UTIL: 285
1 2 5 6 7 9 10 13 14 16 17 19 20 23 24 25 27 30 #UTIL: 364
1 2 3 6 7 9 11 12 14 16 17 19 23 24 25 27 29 #UTIL: 267
1 2 3 4 6 7 9 10 12 13 14 17 19 20 21 23 24 25 26 #UTIL: 338
1 2 3 5 6 7 9 10 11 12 14 16 17 18 23 24 25 27 29 #UTIL: 300
1 2 6 7 10 11 14 16 17 19 20 23 24 27 29 #UTIL: 314
1 2 5 6 7 9 10 13 14 16 19 20 23 24 25 26 #UTIL: 323
1 2 3 5 7 9 10 11 12 13 14 17 18 19 20 23 24 25 26 27 #UTIL: 382
3 6 8 10 11 12 13 16 18 20 24 25 26 27 29 #UTIL: 234
1 2 3 5 6 7 11 12 13 14 16 17 19 20 23 24 29 #UTIL: 269
1 2 3 6 7 8 10 11 12 13 16 20 24 26 27 #UTIL: 292
1 2 3 6 7 9 11 12 13 14 16 19 20 22 23 24 25 26 27 #UTIL: 322
1 2 5 6 7 8 9 10 11 12 13 14 15 17 19 20 23 24 25 26 27 28 #UTIL: 408
1 2 3 6 9 10 11 12 13 14 16 19 20 21 23 24 25 27 30 #UTIL: 332
1 2 3 5 7 12 13 14 16 17 19 20 23 26 27 #UTIL: 268
1 3 6 7 8 10 11 12 13 14 15 16 17 18 19 20 24 27 30 #UTIL: 381
1 2 3 5 6 9 10 11 12 13 14 16 17 18 19 23 24 25 26 27 #UTIL: 328
1 2 3 5 6 7 9 10 11 12 14 16 17 18 22 23 24 25 27 29 #UTIL: 308
1 2 3 6 8 9 11 13 19 20 22 23 26 28 #UTIL: 218
1 2 3 4 6 7 10 11 12 13 14 15 16 17 20 23 24 25 26 27 29 30 #UTIL: 366
1 2 3 4 5 7 9 12 13 14 16 17 19 20 23 24 26 27 #UTIL: 298
1 2 3 5 6 8 9 10 11 12 13 14 16 17 18 19 20 23 24 25 27 #UTIL: 336
2 6 7 10 11 12 13 14 15 16 17 20 22 23 24 25 #UTIL: 276
1 2 6 7 8 9 10 13 14 16 17 19 20 23 24 25 26 27 29 #UTIL: 353
1 2 6 9 10 12 13 14 17 19 24 25 27 #UTIL: 242
3 6 8 10 13 15 16 17 18 20 21 24 25 26 27 28 #UTIL: 227
2 3 5 6 7 9 10 11 12 13 14 16 17 19 20 23 25 27 #UTIL: 356
1 2 5 6 7 9 10 11 12 13 14 16 17 20 23 24 26 27 #UTIL: 336
1 5 6 7 9 10 12 13 14 16 17 19 24 25 27 #UTIL: 314
1 2 3 6 7 9 11 13 14 17 19 20 23 24 25 26 27 #UTIL: 300
1 5 6 9 10 11 12 13 14 16 17 19 20 23 24 26 27 30 #UTIL: 353
1 7 10 11 12 13 14 16 17 20 22 23 24 25 27 29 #UTIL: 294
2 3 6 12 13 16 20 22 24 25 26 27 28 29 #UTIL: 156
2 3 6 8 9 10 11 12 13 16 18 19 20 25 27 29 #UTIL: 277